     lat_deg     lon_deg    depth_km  x_local_km  y_local_km   length_km    width_km  slp_strk_m  slp_ddip_m    slp_am_m  strike_deg     dip_deg    rake_deg sig_stk_MPa sig_ddi_MPa sig_nrm_MPa sig_cmb_MPa
     40.7161    144.4375      2.4197     10.0008     10.0000     20.0015     20.0000      0.0000      0.0000      0.0000    193.0347     14.0000      0.0000      0.0007      0.0289     -0.0112      0.0238
     40.7564    144.2135      7.2577     10.0008     30.0000     20.0015     20.0000      0.0000      0.0000      0.0000    193.0347     14.0000      0.0000      0.0048      0.0290     -0.0119      0.0229
     40.7964    143.9892     12.0961     10.0008     50.0000     20.0015     20.0000      0.0000      0.0000      0.0000    193.0347     14.0000      0.0000      0.0056      0.0272     -0.0114      0.0212
     40.8359    143.7647     16.9345     10.0008     70.0000     20.0015     20.0000      0.0000      0.0000      0.0000    193.0347     14.0000      0.0000      0.0025      0.0250     -0.0097      0.0203
     40.8751    143.5399     21.7730     10.0008     90.0000     20.0015     20.0000      0.0000      0.0000      0.0000    193.0347     14.0000      0.0000     -0.0031      0.0234     -0.0071      0.0208
     40.9138    143.3149     26.6114     10.0008    110.0000     20.0015     20.0000      0.0000      0.0000      0.0000    193.0347     14.0000      0.0000     -0.0099      0.0227     -0.0041      0.0225
     40.9521    143.0896     31.4498     10.0008    130.0000     20.0015     20.0000      0.0000      0.0000      0.0000    193.0347     14.0000      0.0000     -0.0164      0.0230     -0.0013      0.0250
     40.9899    142.8641     36.2883     10.0008    150.0000     20.0015     20.0000      0.0000      0.0000      0.0000    193.0347     14.0000      0.0000     -0.0220      0.0237      0.0013      0.0278
     41.0274    142.6383     41.1267     10.0008    170.0000     20.0015     20.0000      0.0000      0.0000      0.0000    193.0347     14.0000      0.0000     -0.0263      0.0248      0.0033      0.0304
     41.0644    142.4122     45.9652     10.0008    190.0000     20.0015     20.0000      0.0000      0.0000      0.0000    193.0347     14.0000      0.0000     -0.0292      0.0259      0.0049      0.0326
     40.5411    144.3824      2.4197     30.0023     10.0000     20.0015     20.0000      0.0000      0.0000      0.0000    193.0347     14.0000      0.0000      0.0045      0.0396     -0.0158      0.0318
     40.5814    144.1590      7.2577     30.0023     30.0000     20.0015     20.0000      0.0000      0.0000      0.0000    193.0347     14.0000      0.0000      0.0133      0.0402     -0.0183      0.0299
     40.6212    143.9353     12.0961     30.0023     50.0000     20.0015     20.0000      0.0000      0.0000      0.0000    193.0347     14.0000      0.0000      0.0134      0.0375     -0.0176      0.0275
     40.6607    143.7113     16.9345     30.0023     70.0000     20.0015     20.0000      0.0000      0.0000      0.0000    193.0347     14.0000      0.0000      0.0063      0.0347     -0.0143      0.0273
     40.6997    143.4871     21.7730     30.0023     90.0000     20.0015     20.0000      0.0000      0.0000      0.0000    193.0347     14.0000      0.0000     -0.0040      0.0330     -0.0097      0.0293
     40.7383    143.2626     26.6114     30.0023    110.0000     20.0015     20.0000      0.0000      0.0000      0.0000    193.0347     14.0000      0.0000     -0.0146      0.0325     -0.0050      0.0326
     40.7765    143.0378     31.4498     30.0023    130.0000     20.0015     20.0000      0.0000      0.0000      0.0000    193.0347     14.0000      0.0000     -0.0238      0.0330     -0.0007      0.0364
     40.8143    142.8129     36.2883     30.0023    150.0000     20.0015     20.0000      0.0000      0.0000      0.0000    193.0347     14.0000      0.0000     -0.0311      0.0340      0.0028      0.0400
     40.8516    142.5876     41.1267     30.0023    170.0000     20.0015     20.0000      0.0000      0.0000      0.0000    193.0347     14.0000      0.0000     -0.0361      0.0351      0.0055      0.0431
     40.8886    142.3621     45.9652     30.0023    190.0000     20.0015     20.0000      0.0000      0.0000      0.0000    193.0347     14.0000      0.0000     -0.0391      0.0361      0.0074      0.0455
     40.3661    144.3276      2.4197     50.0039     10.0000     20.0015     20.0000      0.0000      0.0000      0.0000    193.0347     14.0000      0.0000      0.0277      0.0667     -0.0320      0.0479
     40.4063    144.1047      7.2577     50.0039     30.0000     20.0015     20.0000      0.0000      0.0000      0.0000    193.0347     14.0000      0.0000      0.0392      0.0735     -0.0340      0.0518
     40.4461    143.8816     12.0961     50.0039     50.0000     20.0015     20.0000      0.0000      0.0000      0.0000    193.0347     14.0000      0.0000      0.0322      0.0703     -0.0291      0.0518
     40.4854    143.6581     16.9345     50.0039     70.0000     20.0015     20.0000      0.0000      0.0000      0.0000    193.0347     14.0000      0.0000      0.0141      0.0626     -0.0225      0.0501
     40.5243    143.4345     21.7730     50.0039     90.0000     20.0015     20.0000      0.0000      0.0000      0.0000    193.0347     14.0000      0.0000     -0.0057      0.0566     -0.0143      0.0510
     40.5628    143.2105     26.6114     50.0039    110.0000     20.0015     20.0000      0.0000      0.0000      0.0000    193.0347     14.0000      0.0000     -0.0222      0.0536     -0.0066      0.0540
     40.6009    142.9863     31.4498     50.0039    130.0000     20.0015     20.0000      0.0000      0.0000      0.0000    193.0347     14.0000      0.0000     -0.0350      0.0522     -0.0001      0.0576
     40.6386    142.7619     36.2883     50.0039    150.0000     20.0015     20.0000      0.0000      0.0000      0.0000    193.0347     14.0000      0.0000     -0.0441      0.0518      0.0049      0.0608
     40.6759    142.5372     41.1267     50.0039    170.0000     20.0015     20.0000      0.0000      0.0000      0.0000    193.0347     14.0000      0.0000     -0.0497      0.0519      0.0085      0.0633
     40.7127    142.3123     45.9652     50.0039    190.0000     20.0015     20.0000      0.0000      0.0000      0.0000    193.0347     14.0000      0.0000     -0.0524      0.0519      0.0108      0.0647
     40.1911    144.2731      2.4197     70.0054     10.0000     20.0015     20.0000     -0.0250     -0.0687      0.0731    193.0347     14.0000    110.0000      0.0692      0.1023     -0.0566      0.0658
     40.2312    144.0508      7.2577     70.0054     30.0000     20.0015     20.0000     -0.0222     -0.0610      0.0649    193.0347     14.0000    110.0000      0.0702      0.1234     -0.0564      0.0864
     40.2708    143.8281     12.0961     70.0054     50.0000     20.0015     20.0000     -0.0155     -0.0426      0.0454    193.0347     14.0000    110.0000      0.0520      0.1418     -0.0407      0.1140
     40.3101    143.6053     16.9345     70.0054     70.0000     20.0015     20.0000     -0.0060     -0.0164      0.0175    193.0347     14.0000    110.0000      0.0302      0.1537     -0.0313      0.1335
     40.3489    143.3821     21.7730     70.0054     90.0000     20.0015     20.0000      0.0000      0.0000      0.0000    193.0347     14.0000      0.0000      0.0001      0.1421     -0.0214      0.1312
     40.3873    143.1587     26.6114     70.0054    110.0000     20.0015     20.0000      0.0000      0.0000      0.0000    193.0347     14.0000      0.0000     -0.0319      0.1092     -0.0106      0.1088
     40.4253    142.9351     31.4498     70.0054    130.0000     20.0015     20.0000      0.0000      0.0000      0.0000    193.0347     14.0000      0.0000     -0.0507      0.0924     -0.0005      0.0998
     40.4629    142.7112     36.2883     70.0054    150.0000     20.0015     20.0000      0.0000      0.0000      0.0000    193.0347     14.0000      0.0000     -0.0619      0.0843      0.0072      0.0968
     40.5001    142.4871     41.1267     70.0054    170.0000     20.0015     20.0000      0.0000      0.0000      0.0000    193.0347     14.0000      0.0000     -0.0678      0.0798      0.0123      0.0955
     40.5368    142.2627     45.9652     70.0054    190.0000     20.0015     20.0000      0.0000      0.0000      0.0000    193.0347     14.0000      0.0000     -0.0696      0.0765      0.0151      0.0937
     40.0161    144.2189      2.4197     90.0070     10.0000     20.0015     20.0000     -0.0881     -0.3129      0.3251    193.0347     14.0000    105.7318      0.1014      0.1430     -0.0744      0.0930
     40.0561    143.9971      7.2577     90.0070     30.0000     20.0015     20.0000     -0.0919     -0.3069      0.3204    193.0347     14.0000    106.6634      0.0539      0.1815     -0.0724      0.1401
     40.0956    143.7750     12.0961     90.0070     50.0000     20.0015     20.0000     -0.0898     -0.2752      0.2895    193.0347     14.0000    108.0767     -0.0018      0.2024     -0.0456      0.1813
     40.1348    143.5526     16.9345     90.0070     70.0000     20.0015     20.0000     -0.0714     -0.2014      0.2137    193.0347     14.0000    109.5276     -0.0278      0.2276     -0.0384      0.2136
     40.1735    143.3300     21.7730     90.0070     90.0000     20.0015     20.0000     -0.0363     -0.0998      0.1062    193.0347     14.0000    110.0000     -0.0301      0.2544     -0.0330      0.2425
     40.2118    143.1072     26.6114     90.0070    110.0000     20.0015     20.0000     -0.0055     -0.0151      0.0161    193.0347     14.0000    110.0000     -0.0365      0.2579     -0.0205      0.2521
     40.2497    142.8841     31.4498     90.0070    130.0000     20.0015     20.0000      0.0000      0.0000      0.0000    193.0347     14.0000      0.0000     -0.0687      0.1863     -0.0047      0.1937
     40.2872    142.6608     36.2883     90.0070    150.0000     20.0015     20.0000      0.0000      0.0000      0.0000    193.0347     14.0000      0.0000     -0.0848      0.1450      0.0081      0.1610
     40.3243    142.4372     41.1267     90.0070    170.0000     20.0015     20.0000      0.0000      0.0000      0.0000    193.0347     14.0000      0.0000     -0.0910      0.1265      0.0159      0.1470
     40.3609    142.2134     45.9652     90.0070    190.0000     20.0015     20.0000      0.0000      0.0000      0.0000    193.0347     14.0000      0.0000     -0.0911      0.1150      0.0197      0.1372
     39.8410    144.1650      2.4197    110.0085     10.0000     20.0015     20.0000     -0.0656     -0.9062      0.9086    193.0347     14.0000     94.1382      0.1968      0.1645     -0.0624      0.1020
     39.8809    143.9437      7.2577    110.0085     30.0000     20.0015     20.0000     -0.0996     -0.9099      0.9154    193.0347     14.0000     96.2481      0.0703      0.2211     -0.0646      0.1793
     39.9204    143.7221     12.0961    110.0085     50.0000     20.0015     20.0000     -0.1430     -0.8659      0.8776    193.0347     14.0000     99.3761     -0.0568      0.2128     -0.0388      0.2040
     39.9594    143.5003     16.9345    110.0085     70.0000     20.0015     20.0000     -0.1613     -0.7186      0.7365    193.0347     14.0000    102.6502     -0.1132      0.2332     -0.0386      0.2342
     39.9981    143.2782     21.7730    110.0085     90.0000     20.0015     20.0000     -0.1327     -0.4672      0.4856    193.0347     14.0000    105.8534     -0.1155      0.3064     -0.0446      0.3042
     40.0363    143.0559     26.6114    110.0085    110.0000     20.0015     20.0000     -0.0664     -0.1894      0.2007    193.0347     14.0000    109.3339     -0.0911      0.3955     -0.0360      0.3910
     40.0741    142.8334     31.4498    110.0085    130.0000     20.0015     20.0000     -0.0046     -0.0126      0.0134    193.0347     14.0000    110.0000     -0.0736      0.4062     -0.0150      0.4068
     40.1115    142.6106     36.2883    110.0085    150.0000     20.0015     20.0000      0.0000      0.0000      0.0000    193.0347     14.0000      0.0000     -0.1109      0.2659      0.0048      0.2833
     40.1485    142.3875     41.1267    110.0085    170.0000     20.0015     20.0000      0.0000      0.0000      0.0000    193.0347     14.0000      0.0000     -0.1195      0.2062      0.0169      0.2309
     40.1850    142.1643     45.9652    110.0085    190.0000     20.0015     20.0000      0.0000      0.0000      0.0000    193.0347     14.0000      0.0000     -0.1180      0.1755      0.0226      0.2027
     39.6659    144.1113      2.4197    130.0101     10.0000     20.0015     20.0000      0.1412     -2.0601      2.0650    193.0347     14.0000     86.0795      0.3752      0.1359     -0.0112      0.0628
     39.7057    143.8905      7.2577    130.0101     30.0000     20.0015     20.0000      0.0409     -2.0499      2.0503    193.0347     14.0000     88.8558      0.1342      0.2138     -0.0160      0.1802
     39.7451    143.6695     12.0961    130.0101     50.0000     20.0015     20.0000     -0.1153     -1.9507      1.9541    193.0347     14.0000     93.3829     -0.1012      0.1621     -0.0089      0.1739
     39.7840    143.4482     16.9345    130.0101     70.0000     20.0015     20.0000     -0.2536     -1.6736      1.6927    193.0347     14.0000     98.6166     -0.2254      0.1676     -0.0208      0.1966
     39.8226    143.2267     21.7730    130.0101     90.0000     20.0015     20.0000     -0.2989     -1.2040      1.2405    193.0347     14.0000    103.9433     -0.2588      0.2834     -0.0440      0.3072
     39.8607    143.0049     26.6114    130.0101    110.0000     20.0015     20.0000     -0.2179     -0.6452      0.6810    193.0347     14.0000    108.6633     -0.2100      0.4738     -0.0473      0.4846
     39.8984    142.7829     31.4498    130.0101    130.0000     20.0015     20.0000     -0.0692     -0.1902      0.2024    193.0347     14.0000    110.0000     -0.1224      0.6123     -0.0278      0.6132
     39.9357    142.5606     36.2883    130.0101    150.0000     20.0015     20.0000      0.0000      0.0000      0.0000    193.0347     14.0000      0.0000     -0.1188      0.5384     -0.0037      0.5495
     39.9726    142.3381     41.1267    130.0101    170.0000     20.0015     20.0000      0.0000      0.0000      0.0000    193.0347     14.0000      0.0000     -0.1549      0.3504      0.0120      0.3771
     40.0091    142.1154     45.9652    130.0101    190.0000     20.0015     20.0000      0.0000      0.0000      0.0000    193.0347     14.0000      0.0000     -0.1557      0.2773      0.0198      0.3085
     39.4908    144.0579      2.4197    150.0116     10.0000     20.0015     20.0000      0.5959     -4.0683      4.1117    193.0347     14.0000     81.6670      0.6559     -0.0126      0.1077     -0.0856
     39.5305    143.8376      7.2577    150.0116     30.0000     20.0015     20.0000      0.3896     -3.9383      3.9575    193.0347     14.0000     84.3503      0.2431      0.1125      0.0936      0.1051
     39.5698    143.6171     12.0961    150.0116     50.0000     20.0015     20.0000      0.0355     -3.6321      3.6323    193.0347     14.0000     89.4408     -0.1398      0.0555      0.0364      0.0939
     39.6086    143.3964     16.9345    150.0116     70.0000     20.0015     20.0000     -0.3355     -3.0890      3.1071    193.0347     14.0000     96.1982     -0.3788      0.0754      0.0078      0.1445
     39.6471    143.1754     21.7730    150.0116     90.0000     20.0015     20.0000     -0.5508     -2.3102      2.3750    193.0347     14.0000    103.4096     -0.4912      0.2390     -0.0257      0.3120
     39.6851    142.9541     26.6114    150.0116    110.0000     20.0015     20.0000     -0.4956     -1.4265      1.5101    193.0347     14.0000    109.1595     -0.4306      0.5073     -0.0400      0.5596
     39.7228    142.7327     31.4498    150.0116    130.0000     20.0015     20.0000     -0.2344     -0.6441      0.6854    193.0347     14.0000    110.0000     -0.2333      0.7588     -0.0309      0.7757
     39.7600    142.5109     36.2883    150.0116    150.0000     20.0015     20.0000     -0.0482     -0.1324      0.1408    193.0347     14.0000    110.0000     -0.1576      0.8783     -0.0138      0.8868
     39.7968    142.2890     41.1267    150.0116    170.0000     20.0015     20.0000      0.0000      0.0000      0.0000    193.0347     14.0000      0.0000     -0.2090      0.6858     -0.0019      0.7113
     39.8332    142.0668     45.9652    150.0116    190.0000     20.0015     20.0000      0.0095     -0.0262      0.0279    193.0347     14.0000     70.0000     -0.2166      0.4397      0.0064      0.4737
     39.3157    144.0048      2.4197    170.0132     10.0000     20.0015     20.0000      1.3196     -7.3464      7.4640    193.0347     14.0000     79.8171      1.0521     -0.4083      0.3546     -0.4465
     39.3553    143.7850      7.2577    170.0132     30.0000     20.0015     20.0000      0.9715     -6.8444      6.9130    193.0347     14.0000     81.9214      0.3873     -0.1552      0.2933     -0.1041
     39.3945    143.5650     12.0961    170.0132     50.0000     20.0015     20.0000      0.3279     -5.9884      5.9974    193.0347     14.0000     86.8657     -0.1919     -0.0759      0.0697     -0.0128
     39.4332    143.3448     16.9345    170.0132     70.0000     20.0015     20.0000     -0.3977     -4.9019      4.9180    193.0347     14.0000     94.6383     -0.6059      0.0658      0.0140      0.1777
     39.4716    143.1243     21.7730    170.0132     90.0000     20.0015     20.0000     -0.8693     -3.6775      3.7789    193.0347     14.0000    103.3004     -0.8350      0.3069     -0.0045      0.4483
     39.5095    142.9036     26.6114    170.0132    110.0000     20.0015     20.0000     -0.8883     -2.4863      2.6402    193.0347     14.0000    109.6617     -0.7732      0.5811     -0.0098      0.7051
     39.5471    142.6827     31.4498    170.0132    130.0000     20.0015     20.0000     -0.5337     -1.4664      1.5605    193.0347     14.0000    110.0000     -0.4625      0.8098     -0.0134      0.8736
     39.5842    142.4615     36.2883    170.0132    150.0000     20.0015     20.0000     -0.1924     -0.6822      0.7089    193.0347     14.0000    105.7520     -0.2966      1.0052     -0.0186      1.0344
     39.6209    142.2401     41.1267    170.0132    170.0000     20.0015     20.0000      0.0552     -0.2962      0.3013    193.0347     14.0000     79.4342     -0.1796      0.9273     -0.0238      0.9349
     39.6572    142.0184     45.9652    170.0132    190.0000     20.0015     20.0000      0.0934     -0.2565      0.2730    193.0347     14.0000     70.0000     -0.2178      0.5042     -0.0206      0.5266
     39.1405    143.9519      2.4197    190.0147     10.0000     20.0015     20.0000      2.3020    -12.4085     12.6202    193.0347     14.0000     79.4902      1.5515     -1.2182      0.8182     -1.1467
     39.1800    143.7327      7.2577    190.0147     30.0000     20.0015     20.0000      1.7709    -11.1183     11.2584    193.0347     14.0000     80.9501      0.5469     -0.6995      0.6238     -0.5359
     39.2191    143.5132     12.0961    190.0147     50.0000     20.0015     20.0000      0.7483     -9.1281      9.1588    193.0347     14.0000     85.3133     -0.3137     -0.1926      0.0417     -0.1173
     39.2578    143.2935     16.9345    190.0147     70.0000     20.0015     20.0000     -0.4186     -7.0102      7.0226    193.0347     14.0000     93.4170     -0.9724      0.3245     -0.0699      0.4638
     39.2960    143.0735     21.7730    190.0147     90.0000     20.0015     20.0000     -1.1461     -5.1594      5.2852    193.0347     14.0000    102.5241     -1.2634      0.6723     -0.0165      0.8790
     39.3339    142.8534     26.6114    190.0147    110.0000     20.0015     20.0000     -1.2735     -3.7457      3.9563    193.0347     14.0000    108.7777     -1.1796      0.7866      0.0287      0.9947
     39.3713    142.6329     31.4498    190.0147    130.0000     20.0015     20.0000     -0.9358     -2.6450      2.8056    193.0347     14.0000    109.4839     -0.8730      0.8129      0.0215      0.9635
     39.4084    142.4123     36.2883    190.0147    150.0000     20.0015     20.0000     -0.3936     -1.7307      1.7749    193.0347     14.0000    102.8116     -0.5069      0.8813     -0.0150      0.9512
     39.4450    142.1914     41.1267    190.0147    170.0000     20.0015     20.0000      0.1033     -1.0767      1.0816    193.0347     14.0000     84.5218     -0.1939      0.8740     -0.0502      0.8744
     39.4812    141.9703     45.9652    190.0147    190.0000     20.0015     20.0000      0.2966     -0.8150      0.8673    193.0347     14.0000     70.0000     -0.0778      0.3510     -0.0588      0.3357
     38.9654    143.8993      2.4197    210.0163     10.0000     20.0015     20.0000      3.5601    -19.6551     19.9749    193.0347     14.0000     79.7333      2.0833     -2.5348      1.5615     -2.2394
     39.0048    143.6806      7.2577    210.0163     30.0000     20.0015     20.0000      2.7537    -17.1908     17.4100    193.0347     14.0000     80.8994      0.6582     -1.7133      1.1386     -1.3474
     39.0437    143.4616     12.0961    210.0163     50.0000     20.0015     20.0000      1.2891    -13.3294     13.3916    193.0347     14.0000     84.4760     -0.6210     -0.3595     -0.1248     -0.2936
     39.0823    143.2424     16.9345    210.0163     70.0000     20.0015     20.0000     -0.2485     -9.4062      9.4095    193.0347     14.0000     91.5133     -1.4744      1.0905     -0.3429      1.1975
     39.1205    143.0230     21.7730    210.0163     90.0000     20.0015     20.0000     -1.1241     -6.7615      6.8543    193.0347     14.0000     99.4391     -1.6056      1.4400     -0.0989      1.6623
     39.1582    142.8033     26.6114    210.0163    110.0000     20.0015     20.0000     -1.4115     -5.2340      5.4210    193.0347     14.0000    105.0926     -1.4483      1.1091      0.0534      1.3697
     39.1956    142.5834     31.4498    210.0163    130.0000     20.0015     20.0000     -1.1843     -4.1669      4.3320    193.0347     14.0000    105.8660     -1.1429      0.7298      0.0590      0.9445
     39.2326    142.3633     36.2883    210.0163    150.0000     20.0015     20.0000     -0.5513     -3.1518      3.1996    193.0347     14.0000     99.9218     -0.6715      0.6113     -0.0070      0.7178
     39.2691    142.1429     41.1267    210.0163    170.0000     20.0015     20.0000      0.1860     -2.2031      2.2109    193.0347     14.0000     85.1744     -0.1465      0.6583     -0.0757      0.6435
     39.3052    141.9223     45.9652    210.0163    190.0000     20.0015     20.0000      0.6016     -1.6528      1.7589    193.0347     14.0000     70.0000      0.2215     -0.0116     -0.1007     -0.0909
     38.7902    143.8470      2.4197    230.0178     10.0000     20.0015     20.0000      5.2352    -28.8510     29.3221    193.0347     14.0000     79.7152      2.4823     -4.1742      2.5013     -3.5476
     38.8295    143.6288      7.2577    230.0178     30.0000     20.0015     20.0000      4.0337    -25.4292     25.7472    193.0347     14.0000     80.9865      0.6481     -3.6266      1.9026     -2.9230
     38.8683    143.4103     12.0961    230.0178     50.0000     20.0015     20.0000      2.1866    -19.2467     19.3705    193.0347     14.0000     83.5185     -1.0474     -1.1842     -0.4520     -1.1606
     38.9068    143.1916     16.9345    230.0178     70.0000     20.0015     20.0000      0.6436    -12.5792     12.5957    193.0347     14.0000     87.0710     -1.5260      2.1339     -0.8057      2.0484
     38.9449    142.9727     21.7730    230.0178     90.0000     20.0015     20.0000     -0.4933     -8.9347      8.9483    193.0347     14.0000     93.1600     -1.5296      2.2615     -0.2520      2.3961
     38.9826    142.7535     26.6114    230.0178    110.0000     20.0015     20.0000     -1.2198     -7.1282      7.2319    193.0347     14.0000     99.7109     -1.5271      1.3876      0.0352      1.6504
     39.0198    142.5342     31.4498    230.0178    130.0000     20.0015     20.0000     -1.2903     -5.9058      6.0451    193.0347     14.0000    102.3248     -1.3465      0.6461      0.0667      0.9012
     39.0567    142.3145     36.2883    230.0178    150.0000     20.0015     20.0000     -0.6903     -4.6655      4.7163    193.0347     14.0000     98.4164     -0.8376      0.3906     -0.0114      0.5283
     39.0932    142.0947     41.1267    230.0178    170.0000     20.0015     20.0000      0.2206     -3.4008      3.4079    193.0347     14.0000     86.2888     -0.1206      0.4607     -0.1014      0.4342
     39.1292    141.8746     45.9652    230.0178    190.0000     20.0015     20.0000      0.8861     -2.5628      2.7117    193.0347     14.0000     70.9275      0.5886     -0.4163     -0.1396     -0.5699
     38.6149    143.7949      2.4197    250.0194     10.0000     20.0015     20.0000      7.5087    -38.4431     39.1696    193.0347     14.0000     78.9482      2.6334     -5.6022      3.2968     -4.6617
     38.6541    143.5772      7.2577    250.0194     30.0000     20.0015     20.0000      6.3790    -34.8868     35.4652    193.0347     14.0000     79.6380      1.3293     -6.2761      2.8343     -5.2787
     38.6929    143.3592     12.0961    250.0194     50.0000     20.0015     20.0000      4.3179    -27.1661     27.5071    193.0347     14.0000     80.9687     -0.5226     -3.6916     -0.7306     -3.8327
     38.7313    143.1410     16.9345    250.0194     70.0000     20.0015     20.0000      2.5932    -17.6945     17.8836    193.0347     14.0000     81.6625     -0.6363      1.6952     -1.1846      1.3073
     38.7693    142.9226     21.7730    250.0194     90.0000     20.0015     20.0000      0.6162    -12.4212     12.4365    193.0347     14.0000     87.1600     -1.1039      2.2195     -0.4261      2.2096
     38.8069    142.7040     26.6114    250.0194    110.0000     20.0015     20.0000     -0.8948     -9.5735      9.6152    193.0347     14.0000     95.3399     -1.6148      1.4112     -0.0737      1.6457
     38.8441    142.4851     31.4498    250.0194    130.0000     20.0015     20.0000     -1.3499     -7.6476      7.7658    193.0347     14.0000    100.0099     -1.6015      0.6872     -0.0090      0.9567
     38.8808    142.2660     36.2883    250.0194    150.0000     20.0015     20.0000     -0.8295     -5.9479      6.0055    193.0347     14.0000     97.9395     -1.0339      0.4198     -0.0605      0.5723
     38.9172    142.0467     41.1267    250.0194    170.0000     20.0015     20.0000      0.1298     -4.3910      4.3929    193.0347     14.0000     88.3063     -0.2087      0.4300     -0.1403      0.4040
     38.9532    141.8272     45.9652    250.0194    190.0000     20.0015     20.0000      0.8535     -3.3834      3.4894    193.0347     14.0000     75.8420      0.5635     -0.7957     -0.1771     -0.9539
     38.4397    143.7430      2.4197    270.0209     10.0000     20.0015     20.0000      9.9346    -46.0626     47.1217    193.0347     14.0000     77.8291      2.4335     -6.3605      3.6046     -5.2494
     38.4788    143.5258      7.2577    270.0209     30.0000     20.0015     20.0000      9.6050    -42.3545     43.4300    193.0347     14.0000     77.2228      2.9062     -7.6217      3.4156     -6.6500
     38.5175    143.3084     12.0961    270.0209     50.0000     20.0015     20.0000      8.6194    -34.3205     35.3863    193.0347     14.0000     75.9021      3.5144     -5.5256      0.0133     -6.0558
     38.5558    143.0907     16.9345    270.0209     70.0000     20.0015     20.0000      5.1653    -24.1679     24.7137    193.0347     14.0000     77.9360      1.3724     -0.6249     -0.8695     -1.2062
     38.5937    142.8728     21.7730    270.0209     90.0000     20.0015     20.0000      1.5870    -17.0071     17.0810    193.0347     14.0000     84.6689     -0.8618      0.9696     -0.5458      0.8887
     38.6312    142.6547     26.6114    270.0209    110.0000     20.0015     20.0000     -0.6269    -12.3242     12.3401    193.0347     14.0000     92.9118     -1.8837      1.1346     -0.3183      1.3233
     38.6683    142.4363     31.4498    270.0209    130.0000     20.0015     20.0000     -1.3023     -9.1364      9.2287    193.0347     14.0000     98.1120     -1.8581      0.9298     -0.2111      1.1600
     38.7050    142.2177     36.2883    270.0209    150.0000     20.0015     20.0000     -0.8601     -6.7810      6.8353    193.0347     14.0000     97.2283     -1.1895      0.7758     -0.1819      0.9017
     38.7412    141.9989     41.1267    270.0209    170.0000     20.0015     20.0000     -0.0004     -4.9935      4.9935    193.0347     14.0000     90.0041     -0.3578      0.6293     -0.2077      0.5997
     38.7771    141.7799     45.9652    270.0209    190.0000     20.0015     20.0000      0.6157     -3.9406      3.9884    193.0347     14.0000     81.1202      0.3097     -0.9922     -0.2192     -1.1191
     38.2644    143.6914      2.4192    290.0225     10.0000     20.0015     20.0000     11.6948    -50.4410     51.7790    193.0347     14.0000     76.9466      1.8752     -6.3628      3.3919     -5.2377
     38.3034    143.4747      7.2577    290.0225     30.0000     20.0015     20.0000     11.0250    -46.7135     47.9969    193.0347     14.0000     76.7205      2.7532     -7.8105      3.5904     -6.7387
     38.3420    143.2578     12.0961    290.0225     50.0000     20.0015     20.0000      9.0886    -39.3106     40.3476    193.0347     14.0000     76.9819      2.4916     -6.5396      1.1603     -6.4137
     38.3802    143.0406     16.9345    290.0225     70.0000     20.0015     20.0000      5.4584    -29.7909     30.2868    193.0347     14.0000     79.6171      0.5750     -3.1546     -0.3473     -3.3455
     38.4181    142.8232     21.7730    290.0225     90.0000     20.0015     20.0000      2.0465    -21.1902     21.2888    193.0347     14.0000     84.4835     -1.1405     -0.5187     -0.7404     -0.6045
     38.4555    142.6056     26.6114    290.0225    110.0000     20.0015     20.0000     -0.0949    -14.7285     14.7288    193.0347     14.0000     90.3692     -1.9251      0.7962     -0.6935      0.8475
     38.4925    142.3877     31.4498    290.0225    130.0000     20.0015     20.0000     -0.8085    -10.2005     10.2325    193.0347     14.0000     94.5321     -1.7857      1.3147     -0.5142      1.4048
     38.5291    142.1697     36.2883    290.0225    150.0000     20.0015     20.0000     -0.5413     -7.1872      7.2076    193.0347     14.0000     94.3069     -1.1154      1.3142     -0.3627      1.3461
     38.5653    141.9514     41.1267    290.0225    170.0000     20.0015     20.0000      0.0161     -5.2457      5.2458    193.0347     14.0000     89.8240     -0.4418      0.9583     -0.3023      0.9006
     38.6011    141.7329     45.9652    290.0225    190.0000     20.0015     20.0000      0.3748     -4.2252      4.2418    193.0347     14.0000     84.9311      0.0153     -1.0138     -0.2685     -1.1079
     38.0891    143.6401      2.4197    310.0240     10.0000     20.0015     20.0000     12.3296    -51.5578     53.0116    193.0347     14.0000     76.5508      1.0203     -5.9096      2.9234     -4.8276
     38.1280    143.4239      7.2577    310.0240     30.0000     20.0015     20.0000     11.2066    -48.3164     49.5990    193.0347     14.0000     76.9416      1.8952     -7.7984      3.4915     -6.6143
     38.1666    143.2074     12.0961    310.0240     50.0000     20.0015     20.0000      8.7257    -41.9205     42.8190    193.0347     14.0000     78.2418      1.2053     -7.4293      1.3242     -6.9957
     38.2047    142.9908     16.9345    310.0240     70.0000     20.0015     20.0000      5.4359    -32.8259     33.2730    193.0347     14.0000     80.5973     -0.4068     -4.3876     -0.4573     -4.4289
     38.2424    142.7739     21.7730    310.0240     90.0000     20.0015     20.0000      2.9607    -23.6686     23.8531    193.0347     14.0000     82.8699     -0.9483     -1.2396     -1.0751     -1.4819
     38.2797    142.5567     26.6114    310.0240    110.0000     20.0015     20.0000      1.2368    -16.3525     16.3992    193.0347     14.0000     85.6747     -1.2309      0.5310     -1.0604      0.3167
     38.3166    142.3394     31.4498    310.0240    130.0000     20.0015     20.0000      0.4369    -10.9182     10.9270    193.0347     14.0000     87.7085     -1.0734      1.6027     -0.7994      1.4478
     38.3531    142.1218     36.2883    310.0240    150.0000     20.0015     20.0000      0.2946     -7.4118      7.4176    193.0347     14.0000     87.7237     -0.6439      1.7249     -0.5396      1.5959
     38.3893    141.9041     41.1267    310.0240    170.0000     20.0015     20.0000      0.3268     -5.3388      5.3487    193.0347     14.0000     86.4973     -0.3256      1.2197     -0.3987      1.0986
     38.4250    141.6861     45.9652    310.0240    190.0000     20.0015     20.0000      0.3126     -4.3370      4.3483    193.0347     14.0000     85.8772     -0.1289     -0.9669     -0.3174     -1.0557
     37.9138    143.5890      2.4197    330.0256     10.0000     20.0015     20.0000     12.0250    -49.7276     51.1608    193.0347     14.0000     76.4059      0.0475     -5.2211      2.4144     -4.1811
     37.9526    143.3733      7.2577    330.0256     30.0000     20.0015     20.0000     11.0586    -47.0318     48.3144    193.0347     14.0000     76.7684      1.2078     -7.2977      3.1576     -6.1332
     37.9911    143.1573     12.0961    330.0256     50.0000     20.0015     20.0000      9.3359    -41.5978     42.6326    193.0347     14.0000     77.3506      1.5537     -7.3881      1.2195     -7.0587
     38.0291    142.9412     16.9345    330.0256     70.0000     20.0015     20.0000      7.2796    -33.3373     34.1228    193.0347     14.0000     77.6821      1.4458     -4.6813     -0.4915     -5.0601
     38.0667    142.7248     21.7730    330.0256     90.0000     20.0015     20.0000      5.1110    -24.6524     25.1766    193.0347     14.0000     78.2871      0.8396     -1.7182     -1.1310     -2.2922
     38.1040    142.5081     26.6114    330.0256    110.0000     20.0015     20.0000      3.4011    -17.3707     17.7005    193.0347     14.0000     78.9219      0.4231      0.0287     -1.1652     -0.5128
     38.1408    142.2913     31.4498    330.0256    130.0000     20.0015     20.0000      2.2399    -11.6013     11.8155    193.0347     14.0000     79.0724      0.2325      1.3507     -0.9172      0.9212
     38.1772    142.0742     36.2883    330.0256    150.0000     20.0015     20.0000      1.4475     -7.7240      7.8585    193.0347     14.0000     79.3856      0.1021      1.6927     -0.6356      1.3936
     38.2132    141.8569     41.1267    330.0256    170.0000     20.0015     20.0000      0.8534     -5.4177      5.4845    193.0347     14.0000     81.0488     -0.0505      1.2834     -0.4617      1.0874
     38.2489    141.6394     45.9652    330.0256    190.0000     20.0015     20.0000      0.4611     -4.3372      4.3617    193.0347     14.0000     83.9319     -0.0673     -0.9046     -0.3517     -1.0190
     37.7385    143.5382      2.4192    350.0271     10.0000     20.0015     20.0000     11.2173    -45.4470     46.8108    193.0347     14.0000     76.1353     -0.7558     -4.3903      1.9174     -3.4198
     37.7772    143.3229      7.2577    350.0271     30.0000     20.0015     20.0000     10.6372    -43.1117     44.4046    193.0347     14.0000     76.1399      0.6865     -6.1852      2.5992     -5.1693
     37.8155    143.1075     12.0961    350.0271     50.0000     20.0015     20.0000      9.6616    -38.4648     39.6596    193.0347     14.0000     75.9001      1.7567     -6.1849      1.2621     -5.8936
     37.8535    142.8918     16.9345    350.0271     70.0000     20.0015     20.0000      8.3721    -31.8098     32.8931    193.0347     14.0000     75.2545      2.2130     -4.4973     -0.0546     -4.8402
     37.8910    142.6759     21.7730    350.0271     90.0000     20.0015     20.0000      6.6795    -24.5010     25.3952    193.0347     14.0000     74.7505      1.9451     -2.4183     -0.7547     -3.0267
     37.9282    142.4597     26.6114    350.0271    110.0000     20.0015     20.0000      5.0589    -17.7827     18.4883    193.0347     14.0000     74.1199      1.5648     -0.7431     -0.9465     -1.3874
     37.9649    142.2434     31.4498    350.0271    130.0000     20.0015     20.0000      3.6368    -12.1601     12.6923    193.0347     14.0000     73.3494      1.1630      0.5852     -0.8281      0.0385
     38.0013    142.0268     36.2883    350.0271    150.0000     20.0015     20.0000      2.3779     -8.0391      8.3835    193.0347     14.0000     73.5220      0.6770      1.2622     -0.6208      0.8738
     38.0372    141.8100     41.1267    350.0271    170.0000     20.0015     20.0000      1.3503     -5.4352      5.6005    193.0347     14.0000     76.0478      0.2255      1.1775     -0.4713      0.9303
     38.0728    141.5931     45.9652    350.0271    190.0000     20.0015     20.0000      0.7184     -4.1943      4.2554    193.0347     14.0000     80.2800      0.1335     -0.7947     -0.3607     -0.9501
     37.5631    143.4875      2.4197    370.0287     10.0000     20.0015     20.0000     10.1505    -39.4523     40.7372    193.0347     14.0000     75.5716     -1.2752     -3.4676      1.4077     -2.6235
     37.6018    143.2728      7.2577    370.0287     30.0000     20.0015     20.0000      9.8375    -37.4710     38.7408    193.0347     14.0000     75.2898      0.2283     -4.8698      1.9756     -4.0429
     37.6400    143.0578     12.0961    370.0287     50.0000     20.0015     20.0000      9.2419    -33.6888     34.9334    193.0347     14.0000     74.6594      1.4918     -4.8776      1.1984     -4.5854
     37.6779    142.8426     16.9345    370.0287     70.0000     20.0015     20.0000      8.3280    -28.5521     29.7419    193.0347     14.0000     73.7392      2.0871     -3.8979      0.3191     -4.0785
     37.7153    142.6272     21.7730    370.0287     90.0000     20.0015     20.0000      7.0658    -22.7661     23.8374    193.0347     14.0000     72.7575      2.1468     -2.5720     -0.3064     -3.0344
     37.7524    142.4116     26.6114    370.0287    110.0000     20.0015     20.0000      5.6246    -17.0557     17.9593    193.0347     14.0000     71.7486      1.8857     -1.2259     -0.5994     -1.7806
     37.7890    142.1957     31.4498    370.0287    130.0000     20.0015     20.0000      4.1494    -11.9711     12.6699    193.0347     14.0000     70.8829      1.4343     -0.0195     -0.6220     -0.5223
     37.8253    141.9796     36.2883    370.0287    150.0000     20.0015     20.0000      2.7580     -7.9384      8.4039    193.0347     14.0000     70.8417      0.8813      0.8365     -0.5248      0.4571
     37.8612    141.7634     41.1267    370.0287    170.0000     20.0015     20.0000      1.6248     -5.2125      5.4599    193.0347     14.0000     72.6866      0.3980      1.0431     -0.4323      0.7831
     37.8966    141.5469     45.9652    370.0287    190.0000     20.0015     20.0000      0.9557     -3.8601      3.9767    193.0347     14.0000     76.0941      0.3745     -0.6074     -0.3435     -0.8016
     37.3877    143.4372      2.4192    390.0302     10.0000     20.0015     20.0000      8.8873    -32.5755     33.7661    193.0347     14.0000     74.7398     -1.5538     -2.5451      0.9186     -1.8619
     37.4263    143.2229      7.2577    390.0302     30.0000     20.0015     20.0000      8.6945    -30.9644     32.1619    193.0347     14.0000     74.3157     -0.1522     -3.6137      1.3758     -2.9791
     37.4644    143.0084     12.0961    390.0302     50.0000     20.0015     20.0000      8.2792    -27.9770     29.1764    193.0347     14.0000     73.5149      1.1005     -3.6289      0.9729     -3.3774
     37.5022    142.7937     16.9345    390.0302     70.0000     20.0015     20.0000      7.5909    -24.0277     25.1983    193.0347     14.0000     72.4674      1.7744     -2.9967      0.4405     -3.0876
     37.5396    142.5788     21.7730    390.0302     90.0000     20.0015     20.0000      6.5925    -19.5735     20.6538    193.0347     14.0000     71.3861      1.9792     -2.1320     -0.0070     -2.4519
     37.5766    142.3636     26.6114    390.0302    110.0000     20.0015     20.0000      5.3145    -15.0398     15.9512    193.0347     14.0000     70.5384      1.7728     -1.1798     -0.2930     -1.5926
     37.6131    142.1482     31.4498    390.0302    130.0000     20.0015     20.0000      3.9219    -10.7906     11.4812    193.0347     14.0000     70.0259      1.3140     -0.1923     -0.3996     -0.5820
     37.6493    141.9327     36.2883    390.0302    150.0000     20.0015     20.0000      2.6270     -7.2177      7.6810    193.0347     14.0000     70.0000      0.8030      0.6456     -0.3952      0.3349
     37.6851    141.7169     41.1267    390.0302    170.0000     20.0015     20.0000      1.6299     -4.6784      4.9542    193.0347     14.0000     70.7922      0.4325      0.9739     -0.3645      0.7360
     37.7205    141.5009     45.9652    390.0302    190.0000     20.0015     20.0000      1.0713     -3.3772      3.5430    193.0347     14.0000     72.4004      0.5322     -0.3879     -0.3092     -0.5998
     37.2123    143.3870      2.4197    410.0318     10.0000     20.0015     20.0000      7.4581    -25.5541     26.6202    193.0347     14.0000     73.7298     -1.6443     -1.7309      0.4942     -1.2143
     37.2508    143.1732      7.2577    410.0318     30.0000     20.0015     20.0000      7.2896    -24.2665     25.3377    193.0347     14.0000     73.2799     -0.4354     -2.5056      0.8410     -2.0523
     37.2889    142.9592     12.0961    410.0318     50.0000     20.0015     20.0000      6.9321    -21.9051     22.9758    193.0347     14.0000     72.4394      0.6884     -2.4465      0.6729     -2.2606
     37.3265    142.7450     16.9345    410.0318     70.0000     20.0015     20.0000      6.3575    -18.8343     19.8783    193.0347     14.0000     71.3478      1.3441     -1.9198      0.3960     -1.9693
     37.3638    142.5305     21.7730    410.0318     90.0000     20.0015     20.0000      5.5256    -15.4656     16.4231    193.0347     14.0000     70.3390      1.5925     -1.2920      0.1452     -1.4957
     37.4007    142.3159     26.6114    410.0318    110.0000     20.0015     20.0000      4.4113    -12.1200     12.8978    193.0347     14.0000     70.0000      1.3849     -0.7254     -0.0699     -0.9874
     37.4372    142.1010     31.4498    410.0318    130.0000     20.0015     20.0000      3.2386     -8.8980      9.4691    193.0347     14.0000     70.0000      0.9961     -0.0406     -0.2049     -0.2986
     37.4733    141.8859     36.2883    410.0318    150.0000     20.0015     20.0000      2.2075     -6.0667      6.4559    193.0347     14.0000     70.0050      0.6125      0.6406     -0.2633      0.4166
     37.5090    141.6706     41.1267    410.0318    170.0000     20.0015     20.0000      1.4566     -4.0021      4.2589    193.0347     14.0000     70.0000      0.3750      0.9087     -0.2883      0.7125
     37.5443    141.4551     45.9652    410.0318    190.0000     20.0015     20.0000      1.0586     -2.9270      3.1126    193.0347     14.0000     70.1168      0.5626     -0.2873     -0.2714     -0.4911
     37.0369    143.3371      2.4197    430.0333     10.0000     20.0015     20.0000      5.9284    -18.9542     19.8596    193.0347     14.0000     72.6316     -1.5901     -1.0599      0.1629     -0.6961
     37.0753    143.1238      7.2577    430.0333     30.0000     20.0015     20.0000      5.7308    -17.9316     18.8251    193.0347     14.0000     72.2764     -0.6149     -1.5755      0.4038     -1.2801
     37.1133    142.9103     12.0961    430.0333     50.0000     20.0015     20.0000      5.3369    -16.0631     16.9265    193.0347     14.0000     71.6211      0.2702     -1.4020      0.3725     -1.2787
     37.1509    142.6965     16.9345    430.0333     70.0000     20.0015     20.0000      4.7609    -13.6749     14.4800    193.0347     14.0000     70.8046      0.7616     -0.8717      0.2775     -0.8819
     37.1881    142.4825     21.7730    430.0333     90.0000     20.0015     20.0000      4.0346    -11.1863     11.8916    193.0347     14.0000     70.1672      0.9660     -0.3319      0.2032     -0.4166
     37.2249    142.2684     26.6114    430.0333    110.0000     20.0015     20.0000      3.2056     -8.9334      9.4911    193.0347     14.0000     70.2604      0.9053     -0.0715      0.0835     -0.1975
     37.2613    142.0540     31.4498    430.0333    130.0000     20.0015     20.0000      2.3845     -6.8445      7.2480    193.0347     14.0000     70.7924      0.6560      0.1882     -0.0442      0.0512
     37.2973    141.8394     36.2883    430.0333    150.0000     20.0015     20.0000      1.7277     -4.9189      5.2135    193.0347     14.0000     70.6464      0.4481      0.6002     -0.1422      0.4544
     37.3329    141.6246     41.1267    430.0333    170.0000     20.0015     20.0000      1.2639     -3.4905      3.7123    193.0347     14.0000     70.0948      0.3381      0.6969     -0.2171      0.5391
     37.3681    141.4096     45.9652    430.0333    190.0000     20.0015     20.0000      1.0005     -2.7488      2.9252    193.0347     14.0000     70.0000      0.5278     -0.4972     -0.2409     -0.6793
     36.8615    143.2874      2.4197    450.0349     10.0000     20.0015     20.0000      4.3967    -13.1698     13.8843    193.0347     14.0000     71.5386     -1.4305     -0.5334     -0.0749     -0.3014
     36.8998    143.0746      7.2577    450.0349     30.0000     20.0015     20.0000      4.1584    -12.3849     13.0643    193.0347     14.0000     71.4400     -0.7015     -0.8351      0.0822     -0.6647
     36.9377    142.8615     12.0961    450.0349     50.0000     20.0015     20.0000      3.6981    -10.9680     11.5746    193.0347     14.0000     71.3672     -0.1077     -0.5846      0.1250     -0.5063
     36.9752    142.6482     16.9345    450.0349     70.0000     20.0015     20.0000      3.0654     -9.2160      9.7125    193.0347     14.0000     71.6019      0.1268     -0.0972      0.1377     -0.0631
     37.0123    142.4347     21.7730    450.0349     90.0000     20.0015     20.0000      2.3713     -7.5292      7.8938    193.0347     14.0000     72.5182      0.1423      0.3202      0.1867      0.3646
     37.0490    142.2210     26.6114    450.0349    110.0000     20.0015     20.0000      1.8012     -6.2283      6.4835    193.0347     14.0000     73.8702      0.1160      0.3435      0.1634      0.3829
     37.0853    142.0071     31.4498    450.0349    130.0000     20.0015     20.0000      1.4924     -5.1640      5.3754    193.0347     14.0000     73.8808      0.2306      0.2445      0.0738      0.2293
     37.1213    141.7930     36.2883    450.0349    150.0000     20.0015     20.0000      1.3101     -4.1377      4.3401    193.0347     14.0000     72.4314      0.3323      0.3474     -0.0395      0.2672
     37.1568    141.5787     41.1267    450.0349    170.0000     20.0015     20.0000      1.1387     -3.3615      3.5491    193.0347     14.0000     71.2859      0.3488      0.2328     -0.1565      0.1047
     37.1920    141.3642     45.9652    450.0349    190.0000     20.0015     20.0000      1.0056     -2.9606      3.1267    193.0347     14.0000     71.2400      0.5564     -1.0899     -0.2205     -1.2594
     36.6860    143.2380      2.4192    470.0364     10.0000     20.0015     20.0000      2.9751     -8.4422      8.9511    193.0347     14.0000     70.5869     -1.2103     -0.1419     -0.2243     -0.0148
     36.7242    143.0256      7.2577    470.0364     30.0000     20.0015     20.0000      2.7236     -7.8890      8.3459    193.0347     14.0000     70.9532     -0.7190     -0.2854     -0.1222     -0.2023
     36.7620    142.8130     12.0961    470.0364     50.0000     20.0015     20.0000      2.2494     -6.9236      7.2799    193.0347     14.0000     72.0016     -0.3849     -0.0333     -0.0435      0.0180
     36.7994    142.6002     16.9345    470.0364     70.0000     20.0015     20.0000      1.6371     -5.8097      6.0360    193.0347     14.0000     74.2626     -0.3398      0.3085      0.0111      0.3683
     36.8365    142.3872     21.7730    470.0364     90.0000     20.0015     20.0000      1.0591     -4.8712      4.9850    193.0347     14.0000     77.7338     -0.4089      0.5091      0.1166      0.6201
     36.8731    142.1740     26.6114    470.0364    110.0000     20.0015     20.0000      0.7536     -4.3117      4.3771    193.0347     14.0000     80.0857     -0.3695      0.3955      0.1725      0.5238
     36.9093    141.9605     31.4498    470.0364    130.0000     20.0015     20.0000      0.8188     -3.9974      4.0804    193.0347     14.0000     78.4244     -0.0737      0.1442      0.1432      0.2122
     36.9452    141.7469     36.2883    470.0364    150.0000     20.0015     20.0000      1.0064     -3.7266      3.8601    193.0347     14.0000     74.8866      0.2357     -0.0353      0.0397     -0.0606
     36.9807    141.5331     41.1267    470.0364    170.0000     20.0015     20.0000      1.0995     -3.5298      3.6970    193.0347     14.0000     72.6983      0.3931     -0.3762     -0.1057     -0.4822
     37.0157    141.3190     45.9652    470.0364    190.0000     20.0015     20.0000      1.0962     -3.4376      3.6082    193.0347     14.0000     72.3130      0.6735     -1.9231     -0.2043     -2.0937
     36.5105    143.1888      2.4197    490.0380     10.0000     20.0015     20.0000      1.7727     -4.8704      5.1829    193.0347     14.0000     70.0000     -0.9686      0.1164     -0.2904      0.1701
     36.5486    142.9768      7.2577    490.0380     30.0000     20.0015     20.0000      1.5572     -4.5311      4.7913    193.0347     14.0000     71.0337     -0.6844      0.0824     -0.2261      0.1119
     36.5864    142.7647     12.0961    490.0380     50.0000     20.0015     20.0000      1.1595     -3.9773      4.1429    193.0347     14.0000     73.7476     -0.5221      0.2823     -0.1386      0.3150
     36.6237    142.5524     16.9345    490.0380     70.0000     20.0015     20.0000      0.6883     -3.4150      3.4837    193.0347     14.0000     78.6045     -0.5358      0.4587     -0.0755      0.5162
     36.6606    142.3398     21.7730    490.0380     90.0000     20.0015     20.0000      0.3248     -3.0588      3.0760    193.0347     14.0000     83.9381     -0.5574      0.4829      0.0447      0.5920
     36.6972    142.1271     26.6114    490.0380    110.0000     20.0015     20.0000      0.2536     -3.0105      3.0212    193.0347     14.0000     85.1849     -0.4388      0.3041      0.1501      0.4371
     36.7334    141.9141     31.4498    490.0380    130.0000     20.0015     20.0000      0.5012     -3.1853      3.2244    193.0347     14.0000     81.0581     -0.1313      0.0008      0.1772      0.0949
     36.7691    141.7010     36.2883    490.0380    150.0000     20.0015     20.0000      0.8653     -3.4347      3.5420    193.0347     14.0000     75.8594      0.2194     -0.3524      0.0974     -0.3467
     36.8045    141.4876     41.1267    490.0380    170.0000     20.0015     20.0000      1.1341     -3.6708      3.8420    193.0347     14.0000     72.8316      0.4810     -0.8759     -0.0597     -0.9712
     36.8395    141.2740     45.9652    490.0380    190.0000     20.0015     20.0000      1.2454     -3.8194      4.0173    193.0347     14.0000     71.9407      0.8857     -2.6154     -0.1817     -2.8037
     36.3350    143.1397      2.4192    510.0395     10.0000     20.0015     20.0000      0.8798     -2.4173      2.5725    193.0347     14.0000     70.0000     -0.7265      0.2506     -0.2824      0.2624
     36.3731    142.9283      7.2577    510.0395     30.0000     20.0015     20.0000      0.7350     -2.2471      2.3642    193.0347     14.0000     71.8874     -0.6002      0.2892     -0.2541      0.2894
     36.4107    142.7166     12.0961    510.0395     50.0000     20.0015     20.0000      0.4711     -2.0040      2.0586    193.0347     14.0000     76.7707     -0.5291      0.4255     -0.1793      0.4409
     36.4479    142.5047     16.9345    510.0395     70.0000     20.0015     20.0000      0.1937     -1.8251      1.8353    193.0347     14.0000     83.9428     -0.5269      0.4860     -0.1173      0.5248
     36.4848    142.2927     21.7730    510.0395     90.0000     20.0015     20.0000      0.0442     -1.8329      1.8334    193.0347     14.0000     88.6190     -0.4786      0.4194      0.0015      0.4982
     36.5213    142.0804     26.6114    510.0395    110.0000     20.0015     20.0000      0.1290     -2.0749      2.0790    193.0347     14.0000     86.4426     -0.3179      0.2224      0.1281      0.3265
     36.5574    141.8679     31.4498    510.0395    130.0000     20.0015     20.0000      0.4360     -2.5037      2.5414    193.0347     14.0000     80.1204     -0.0448     -0.0795      0.1907      0.0060
     36.5931    141.6552     36.2883    510.0395    150.0000     20.0015     20.0000      0.8303     -3.0132      3.1255    193.0347     14.0000     74.5933      0.2707     -0.4787      0.1363     -0.4646
     36.6284    141.4423     41.1267    510.0395    170.0000     20.0015     20.0000      1.1528     -3.4759      3.6620    193.0347     14.0000     71.6519      0.5606     -1.0637     -0.0153     -1.1524
     36.6633    141.2293     45.9652    510.0395    190.0000     20.0015     20.0000      1.3139     -3.7565      3.9797    193.0347     14.0000     70.7220      1.0418     -2.8078     -0.1460     -3.0064
     36.1595    143.0910      2.4197    530.0410     10.0000     20.0015     20.0000      0.3399     -0.9339      0.9939    193.0347     14.0000     70.0000     -0.4782      0.2827     -0.2288      0.2714
     36.1974    142.8800      7.2577    530.0410     30.0000     20.0015     20.0000      0.2569     -0.8748      0.9118    193.0347     14.0000     73.6319     -0.4702      0.3595     -0.2315      0.3446
     36.2350    142.6688     12.0961    530.0410     50.0000     20.0015     20.0000      0.1222     -0.8151      0.8242    193.0347     14.0000     81.4758     -0.4483      0.4480     -0.1839      0.4468
     36.2722    142.4573     16.9345    530.0410     70.0000     20.0015     20.0000      0.0093     -0.8360      0.8361    193.0347     14.0000     89.3607     -0.4203      0.4556     -0.1274      0.4720
     36.3089    142.2457     21.7730    530.0410     90.0000     20.0015     20.0000      0.0044     -1.0036      1.0036    193.0347     14.0000     89.7472     -0.3342      0.3701     -0.0177      0.4164
     36.3453    142.0339     26.6114    530.0410    110.0000     20.0015     20.0000      0.1558     -1.3404      1.3494    193.0347     14.0000     83.3697     -0.1719      0.1989      0.1086      0.2697
     36.3813    141.8219     31.4498    530.0410    130.0000     20.0015     20.0000      0.4375     -1.8172      1.8691    193.0347     14.0000     76.4616      0.0488     -0.0502      0.1849      0.0159
     36.4170    141.6097     36.2883    530.0410    150.0000     20.0015     20.0000      0.7614     -2.3569      2.4769    193.0347     14.0000     72.0965      0.2871     -0.3909      0.1527     -0.3745
     36.4522    141.3973     41.1267    530.0410    170.0000     20.0015     20.0000      1.0206     -2.8432      3.0208    193.0347     14.0000     70.2541      0.5128     -0.9047      0.0221     -0.9725
     36.4870    141.1847     45.9652    530.0410    190.0000     20.0015     20.0000      1.1430     -3.1403      3.3418    193.0347     14.0000     70.0000      0.9309     -2.4041     -0.1006     -2.5713
     35.9840    143.0424      2.4197    550.0426     10.0000     20.0015     20.0000      0.0783     -0.2151      0.2289    193.0347     14.0000     70.0000     -0.2706      0.2367     -0.1538      0.2194
     36.0218    142.8318      7.2577    550.0426     30.0000     20.0015     20.0000      0.0476     -0.2049      0.2103    193.0347     14.0000     76.9168     -0.3199      0.3221     -0.1793      0.3019
     36.0593    142.6211     12.0961    550.0426     50.0000     20.0015     20.0000      0.0027     -0.2141      0.2141    193.0347     14.0000     89.2894     -0.3239      0.3844     -0.1645      0.3699
     36.0964    142.4101     16.9345    550.0426     70.0000     20.0015     20.0000     -0.0173     -0.2878      0.2883    193.0347     14.0000     93.4430     -0.2939      0.3869     -0.1194      0.3851
     36.1331    142.1990     21.7730    550.0426     90.0000     20.0015     20.0000      0.0348     -0.4629      0.4642    193.0347     14.0000     85.7062     -0.2131      0.3285     -0.0277      0.3500
     36.1694    141.9876     26.6114    550.0426    110.0000     20.0015     20.0000      0.1724     -0.7503      0.7698    193.0347     14.0000     77.0559     -0.0879      0.2169      0.0811      0.2615
     36.2053    141.7761     31.4498    550.0426    130.0000     20.0015     20.0000      0.3657     -1.1287      1.1865    193.0347     14.0000     72.0498      0.0534      0.0559      0.1532      0.1068
     36.2408    141.5643     36.2883    550.0426    150.0000     20.0015     20.0000      0.5612     -1.5418      1.6407    193.0347     14.0000     70.0000      0.1807     -0.1662      0.1388     -0.1401
     36.2760    141.3524     41.1267    550.0426    170.0000     20.0015     20.0000      0.6944     -1.9078      2.0303    193.0347     14.0000     70.0000      0.2766     -0.5212      0.0413     -0.5455
     36.3108    141.1403     45.9652    550.0426    190.0000     20.0015     20.0000      0.7715     -2.1196      2.2556    193.0347     14.0000     70.0000      0.6013     -1.5532     -0.0574     -1.6582
     35.8084    142.9940      2.4192    570.0441     10.0000     20.0015     20.0000      0.0000      0.0000      0.0000    193.0347     14.0000      0.0000     -0.1205      0.1524     -0.0809      0.1390
     35.8462    142.7839      7.2577    570.0441     30.0000     20.0015     20.0000      0.0000      0.0000      0.0000    193.0347     14.0000      0.0000     -0.1765      0.2148     -0.1143      0.1970
     35.8836    142.5736     12.0961    570.0441     50.0000     20.0015     20.0000     -0.0031     -0.0085      0.0090    193.0347     14.0000    110.0000     -0.1943      0.2629     -0.1256      0.2429
     35.9205    142.3632     16.9345    570.0441     70.0000     20.0015     20.0000     -0.0010     -0.0502      0.0502    193.0347     14.0000     91.1601     -0.1936      0.2858     -0.1011      0.2752
     35.9572    142.1525     21.7730    570.0441     90.0000     20.0015     20.0000      0.0407     -0.1522      0.1575    193.0347     14.0000     75.0354     -0.1518      0.2734     -0.0380      0.2808
     35.9934    141.9416     26.6114    570.0441    110.0000     20.0015     20.0000      0.1168     -0.3209      0.3414    193.0347     14.0000     70.0000     -0.0910      0.2292      0.0401      0.2577
     36.0293    141.7305     31.4498    570.0441    130.0000     20.0015     20.0000      0.1963     -0.5394      0.5740    193.0347     14.0000     70.0000     -0.0529      0.1570      0.0965      0.2025
     36.0647    141.5192     36.2883    570.0441    150.0000     20.0015     20.0000      0.2765     -0.7597      0.8085    193.0347     14.0000     70.0000     -0.0131      0.0708      0.0961      0.1105
     36.0998    141.3077     41.1267    570.0441    170.0000     20.0015     20.0000      0.3401     -0.9345      0.9945    193.0347     14.0000     70.0000      0.0482     -0.0722      0.0375     -0.0646
     36.1345    141.0960     45.9652    570.0441    190.0000     20.0015     20.0000      0.3751     -1.0306      1.0968    193.0347     14.0000     70.0000      0.2481     -0.5968     -0.0276     -0.6423
     35.6328    142.9459      2.4197    590.0457     10.0000     20.0015     20.0000      0.0000      0.0000      0.0000    193.0347     14.0000      0.0000     -0.0416      0.0799     -0.0344      0.0723
     35.6705    142.7362      7.2577    590.0457     30.0000     20.0015     20.0000      0.0000      0.0000      0.0000    193.0347     14.0000      0.0000     -0.0878      0.1054     -0.0585      0.0958
     35.7078    142.5264     12.0961    590.0457     50.0000     20.0015     20.0000      0.0000      0.0000      0.0000    193.0347     14.0000      0.0000     -0.1202      0.1290     -0.0806      0.1161
     35.7447    142.3164     16.9345    590.0457     70.0000     20.0015     20.0000      0.0000      0.0000      0.0000    193.0347     14.0000      0.0000     -0.1397      0.1644     -0.0799      0.1546
     35.7813    142.1061     21.7730    590.0457     90.0000     20.0015     20.0000      0.0085     -0.0234      0.0249    193.0347     14.0000     70.0000     -0.1457      0.1889     -0.0497      0.1918
     35.8174    141.8957     26.6114    590.0457    110.0000     20.0015     20.0000      0.0285     -0.0784      0.0834    193.0347     14.0000     70.0000     -0.1372      0.1953     -0.0047      0.2147
     35.8532    141.6851     31.4498    590.0457    130.0000     20.0015     20.0000      0.0534     -0.1467      0.1561    193.0347     14.0000     70.0000     -0.1208      0.2044      0.0335      0.2360
     35.8886    141.4742     36.2883    590.0457    150.0000     20.0015     20.0000      0.0751     -0.2063      0.2196    193.0347     14.0000     70.0000     -0.1065      0.2199      0.0429      0.2525
     35.9236    141.2632     41.1267    590.0457    170.0000     20.0015     20.0000      0.0884     -0.2428      0.2584    193.0347     14.0000     70.0000     -0.0873      0.2125      0.0185      0.2320
     35.9582    141.0520     45.9652    590.0457    190.0000     20.0015     20.0000      0.0944     -0.2595      0.2761    193.0347     14.0000     70.0000     -0.0012      0.0518     -0.0141      0.0456
     35.4572    142.8979      2.4192    610.0472     10.0000     20.0015     20.0000      0.0000      0.0000      0.0000    193.0347     14.0000      0.0000     -0.0242      0.0539     -0.0224      0.0484
     35.4948    142.6888      7.2577    610.0472     30.0000     20.0015     20.0000      0.0000      0.0000      0.0000    193.0347     14.0000      0.0000     -0.0504      0.0682     -0.0346      0.0622
     35.5320    142.4794     12.0961    610.0472     50.0000     20.0015     20.0000      0.0000      0.0000      0.0000    193.0347     14.0000      0.0000     -0.0764      0.0796     -0.0492      0.0722
     35.5689    142.2698     16.9345    610.0472     70.0000     20.0015     20.0000      0.0000      0.0000      0.0000    193.0347     14.0000      0.0000     -0.0955      0.0880     -0.0580      0.0804
     35.6053    142.0600     21.7730    610.0472     90.0000     20.0015     20.0000      0.0000      0.0000      0.0000    193.0347     14.0000      0.0000     -0.1056      0.0999     -0.0517      0.0963
     35.6414    141.8500     26.6114    610.0472    110.0000     20.0015     20.0000      0.0000      0.0000      0.0000    193.0347     14.0000      0.0000     -0.1080      0.1207     -0.0322      0.1251
     35.6771    141.6398     31.4498    610.0472    130.0000     20.0015     20.0000      0.0000      0.0000      0.0000    193.0347     14.0000      0.0000     -0.1040      0.1495     -0.0099      0.1616
     35.7124    141.4295     36.2883    610.0472    150.0000     20.0015     20.0000      0.0000      0.0000      0.0000    193.0347     14.0000      0.0000     -0.0959      0.1774      0.0026      0.1926
     35.7473    141.2189     41.1267    610.0472    170.0000     20.0015     20.0000      0.0000      0.0000      0.0000    193.0347     14.0000      0.0000     -0.0820      0.1877     -0.0007      0.1990
     35.7819    141.0082     45.9652    610.0472    190.0000     20.0015     20.0000      0.0000      0.0000      0.0000    193.0347     14.0000      0.0000     -0.0495      0.1606     -0.0108      0.1625
