     lat_deg     lon_deg    depth_km  x_local_km  y_local_km   length_km    width_km  slp_strk_m  slp_ddip_m    slp_am_m  strike_deg     dip_deg    rake_deg sig_stk_MPa sig_ddi_MPa sig_nrm_MPa
     40.7161    144.4375      2.4197     10.0008     10.0000     20.0015     20.0000     -0.0034     -0.0094      0.0100    193.0347     14.0000    110.0000      0.0366      0.0492     -0.0279
     40.7564    144.2135      7.2577     10.0008     30.0000     20.0015     20.0000      0.0000      0.0000      0.0000    193.0347     14.0000      0.0000      0.0370      0.0607     -0.0252
     40.7964    143.9892     12.0961     10.0008     50.0000     20.0015     20.0000      0.0000      0.0000      0.0000    193.0347     14.0000      0.0000      0.0206      0.0487     -0.0178
     40.8359    143.7647     16.9345     10.0008     70.0000     20.0015     20.0000      0.0000      0.0000      0.0000    193.0347     14.0000      0.0000      0.0045      0.0369     -0.0125
     40.8751    143.5399     21.7730     10.0008     90.0000     20.0015     20.0000      0.0000      0.0000      0.0000    193.0347     14.0000      0.0000     -0.0066      0.0324     -0.0067
     40.9138    143.3149     26.6114     10.0008    110.0000     20.0015     20.0000      0.0000      0.0000      0.0000    193.0347     14.0000      0.0000     -0.0149      0.0306     -0.0026
     40.9521    143.0896     31.4498     10.0008    130.0000     20.0015     20.0000      0.0000      0.0000      0.0000    193.0347     14.0000      0.0000     -0.0213      0.0299      0.0005
     40.9899    142.8641     36.2883     10.0008    150.0000     20.0015     20.0000      0.0000      0.0000      0.0000    193.0347     14.0000      0.0000     -0.0261      0.0297      0.0029
     41.0274    142.6383     41.1267     10.0008    170.0000     20.0015     20.0000      0.0000      0.0000      0.0000    193.0347     14.0000      0.0000     -0.0295      0.0298      0.0046
     41.0644    142.4122     45.9652     10.0008    190.0000     20.0015     20.0000      0.0000      0.0000      0.0000    193.0347     14.0000      0.0000     -0.0316      0.0301      0.0059
     40.5411    144.3824      2.4197     30.0023     10.0000     20.0015     20.0000     -0.0473     -0.1300      0.1383    193.0347     14.0000    110.0000      0.0805      0.0555     -0.0422
     40.5814    144.1590      7.2577     30.0023     30.0000     20.0015     20.0000     -0.0389     -0.1070      0.1138    193.0347     14.0000    110.0000      0.0536      0.0478     -0.0313
     40.6212    143.9353     12.0961     30.0023     50.0000     20.0015     20.0000     -0.0160     -0.0439      0.0467    193.0347     14.0000    110.0000      0.0341      0.0834     -0.0312
     40.6607    143.7113     16.9345     30.0023     70.0000     20.0015     20.0000      0.0000      0.0000      0.0000    193.0347     14.0000      0.0000      0.0160      0.0940     -0.0221
     40.6997    143.4871     21.7730     30.0023     90.0000     20.0015     20.0000      0.0000      0.0000      0.0000    193.0347     14.0000      0.0000     -0.0103      0.0595     -0.0096
     40.7383    143.2626     26.6114     30.0023    110.0000     20.0015     20.0000      0.0000      0.0000      0.0000    193.0347     14.0000      0.0000     -0.0230      0.0499     -0.0021
     40.7765    143.0378     31.4498     30.0023    130.0000     20.0015     20.0000      0.0000      0.0000      0.0000    193.0347     14.0000      0.0000     -0.0313      0.0460      0.0024
     40.8143    142.8129     36.2883     30.0023    150.0000     20.0015     20.0000      0.0000      0.0000      0.0000    193.0347     14.0000      0.0000     -0.0368      0.0440      0.0055
     40.8516    142.5876     41.1267     30.0023    170.0000     20.0015     20.0000      0.0000      0.0000      0.0000    193.0347     14.0000      0.0000     -0.0403      0.0429      0.0075
     40.8886    142.3621     45.9652     30.0023    190.0000     20.0015     20.0000      0.0000      0.0000      0.0000    193.0347     14.0000      0.0000     -0.0420      0.0422      0.0089
     40.3661    144.3276      2.4197     50.0039     10.0000     20.0015     20.0000     -0.1540     -0.4231      0.4503    193.0347     14.0000    110.0000      0.1274      0.0409     -0.0489
     40.4063    144.1047      7.2577     50.0039     30.0000     20.0015     20.0000     -0.1368     -0.3759      0.4000    193.0347     14.0000    110.0000      0.0589     -0.0034     -0.0237
     40.4461    143.8816     12.0961     50.0039     50.0000     20.0015     20.0000     -0.0780     -0.2144      0.2282    193.0347     14.0000    110.0000      0.0266      0.0843     -0.0420
     40.4854    143.6581     16.9345     50.0039     70.0000     20.0015     20.0000     -0.0208     -0.0572      0.0609    193.0347     14.0000    110.0000      0.0192      0.1642     -0.0399
     40.5243    143.4345     21.7730     50.0039     90.0000     20.0015     20.0000      0.0000      0.0000      0.0000    193.0347     14.0000      0.0000     -0.0085      0.1393     -0.0185
     40.5628    143.2105     26.6114     50.0039    110.0000     20.0015     20.0000      0.0000      0.0000      0.0000    193.0347     14.0000      0.0000     -0.0336      0.0902     -0.0032
     40.6009    142.9863     31.4498     50.0039    130.0000     20.0015     20.0000      0.0000      0.0000      0.0000    193.0347     14.0000      0.0000     -0.0448      0.0751      0.0047
     40.6386    142.7619     36.2883     50.0039    150.0000     20.0015     20.0000      0.0000      0.0000      0.0000    193.0347     14.0000      0.0000     -0.0512      0.0677      0.0091
     40.6759    142.5372     41.1267     50.0039    170.0000     20.0015     20.0000      0.0000      0.0000      0.0000    193.0347     14.0000      0.0000     -0.0546      0.0633      0.0115
     40.7127    142.3123     45.9652     50.0039    190.0000     20.0015     20.0000      0.0000      0.0000      0.0000    193.0347     14.0000      0.0000     -0.0556      0.0603      0.0129
     40.1911    144.2731      2.4197     70.0054     10.0000     20.0015     20.0000     -0.3325     -0.9134      0.9720    193.0347     14.0000    110.0000      0.1425      0.0098     -0.0390
     40.2312    144.0508      7.2577     70.0054     30.0000     20.0015     20.0000     -0.3061     -0.8409      0.8949    193.0347     14.0000    110.0000      0.0174     -0.0736      0.0002
     40.2708    143.8281     12.0961     70.0054     50.0000     20.0015     20.0000     -0.2063     -0.5667      0.6031    193.0347     14.0000    110.0000     -0.0287      0.0572     -0.0451
     40.3101    143.6053     16.9345     70.0054     70.0000     20.0015     20.0000     -0.0882     -0.2422      0.2578    193.0347     14.0000    110.0000     -0.0092      0.2256     -0.0645
     40.3489    143.3821     21.7730     70.0054     90.0000     20.0015     20.0000     -0.0104     -0.0285      0.0303    193.0347     14.0000    110.0000     -0.0016      0.2941     -0.0389
     40.3873    143.1587     26.6114     70.0054    110.0000     20.0015     20.0000      0.0000      0.0000      0.0000    193.0347     14.0000      0.0000     -0.0441      0.1813     -0.0108
     40.4253    142.9351     31.4498     70.0054    130.0000     20.0015     20.0000      0.0000      0.0000      0.0000    193.0347     14.0000      0.0000     -0.0615      0.1280      0.0053
     40.4629    142.7112     36.2883     70.0054    150.0000     20.0015     20.0000      0.0000      0.0000      0.0000    193.0347     14.0000      0.0000     -0.0695      0.1068      0.0131
     40.5001    142.4871     41.1267     70.0054    170.0000     20.0015     20.0000      0.0000      0.0000      0.0000    193.0347     14.0000      0.0000     -0.0728      0.0951      0.0166
     40.5368    142.2627     45.9652     70.0054    190.0000     20.0015     20.0000      0.0000      0.0000      0.0000    193.0347     14.0000      0.0000     -0.0728      0.0873      0.0179
     40.0161    144.2189      2.4197     90.0070     10.0000     20.0015     20.0000     -0.4891     -1.6209      1.6931    193.0347     14.0000    106.7911      0.1395     -0.0370      0.0055
     40.0561    143.9971      7.2577     90.0070     30.0000     20.0015     20.0000     -0.4672     -1.5310      1.6007    193.0347     14.0000    106.9704     -0.0473     -0.1352      0.0382
     40.0956    143.7750     12.0961     90.0070     50.0000     20.0015     20.0000     -0.3682     -1.1601      1.2172    193.0347     14.0000    107.6070     -0.1414      0.0129     -0.0490
     40.1348    143.5526     16.9345     90.0070     70.0000     20.0015     20.0000     -0.2203     -0.6524      0.6886    193.0347     14.0000    108.6556     -0.1214      0.2557     -0.0987
     40.1735    143.3300     21.7730     90.0070     90.0000     20.0015     20.0000     -0.0753     -0.2070      0.2203    193.0347     14.0000    110.0000     -0.0596      0.4358     -0.0787
     40.2118    143.1072     26.6114     90.0070    110.0000     20.0015     20.0000      0.0000      0.0000      0.0000    193.0347     14.0000      0.0000     -0.0400      0.4066     -0.0341
     40.2497    142.8841     31.4498     90.0070    130.0000     20.0015     20.0000      0.0000      0.0000      0.0000    193.0347     14.0000      0.0000     -0.0804      0.2283     -0.0010
     40.2872    142.6608     36.2883     90.0070    150.0000     20.0015     20.0000      0.0000      0.0000      0.0000    193.0347     14.0000      0.0000     -0.0913      0.1717      0.0156
     40.3243    142.4372     41.1267     90.0070    170.0000     20.0015     20.0000      0.0000      0.0000      0.0000    193.0347     14.0000      0.0000     -0.0953      0.1448      0.0219
     40.3609    142.2134     45.9652     90.0070    190.0000     20.0015     20.0000      0.0000      0.0000      0.0000    193.0347     14.0000      0.0000     -0.0946      0.1282      0.0234
     39.8410    144.1650      2.4197    110.0085     10.0000     20.0015     20.0000     -0.4457     -2.5686      2.6070    193.0347     14.0000     99.8429      0.1810     -0.0892      0.0816
     39.8809    143.9437      7.2577    110.0085     30.0000     20.0015     20.0000     -0.4437     -2.4844      2.5237    193.0347     14.0000    100.1251     -0.0294     -0.1749      0.0915
     39.9204    143.7221     12.0961    110.0085     50.0000     20.0015     20.0000     -0.4089     -2.0845      2.1242    193.0347     14.0000    101.0983     -0.1844     -0.0787     -0.0402
     39.9594    143.5003     16.9345    110.0085     70.0000     20.0015     20.0000     -0.3144     -1.4289      1.4630    193.0347     14.0000    102.4108     -0.2025      0.1788     -0.1271
     39.9981    143.2782     21.7730    110.0085     90.0000     20.0015     20.0000     -0.1697     -0.6877      0.7083    193.0347     14.0000    103.8597     -0.1335      0.4880     -0.1309
     40.0363    143.0559     26.6114    110.0085    110.0000     20.0015     20.0000     -0.0377     -0.1378      0.1428    193.0347     14.0000    105.3198     -0.0659      0.6565     -0.0774
     40.0741    142.8334     31.4498    110.0085    130.0000     20.0015     20.0000      0.0000      0.0000      0.0000    193.0347     14.0000      0.0000     -0.0932      0.4443     -0.0207
     40.1115    142.6106     36.2883    110.0085    150.0000     20.0015     20.0000      0.0000      0.0000      0.0000    193.0347     14.0000      0.0000     -0.1150      0.2812      0.0126
     40.1485    142.3875     41.1267    110.0085    170.0000     20.0015     20.0000      0.0000      0.0000      0.0000    193.0347     14.0000      0.0000     -0.1219      0.2257      0.0253
     40.1850    142.1643     45.9652    110.0085    190.0000     20.0015     20.0000      0.0000      0.0000      0.0000    193.0347     14.0000      0.0000     -0.1277      0.1985      0.0277
     39.6659    144.1113      2.4197    130.0101     10.0000     20.0015     20.0000     -0.0820     -3.7831      3.7840    193.0347     14.0000     91.2416      0.2957     -0.1224      0.1605
     39.7057    143.8905      7.2577    130.0101     30.0000     20.0015     20.0000     -0.1211     -3.7311      3.7331    193.0347     14.0000     91.8588      0.1015     -0.1759      0.1539
     39.7451    143.6695     12.0961    130.0101     50.0000     20.0015     20.0000     -0.2443     -3.3888      3.3976    193.0347     14.0000     94.1234     -0.1334     -0.2133      0.0096
     39.7840    143.4482     16.9345    130.0101     70.0000     20.0015     20.0000     -0.3383     -2.6578      2.6793    193.0347     14.0000     97.2549     -0.2456     -0.0334     -0.1104
     39.8226    143.2267     21.7730    130.0101     90.0000     20.0015     20.0000     -0.3131     -1.6096      1.6397    193.0347     14.0000    101.0076     -0.2358      0.3690     -0.1632
     39.8607    143.0049     26.6114    130.0101    110.0000     20.0015     20.0000     -0.1599     -0.5737      0.5956    193.0347     14.0000    105.5768     -0.1414      0.8094     -0.1261
     39.8984    142.7829     31.4498    130.0101    130.0000     20.0015     20.0000      0.0000      0.0000      0.0000    193.0347     14.0000      0.0000     -0.0558      0.9014     -0.0533
     39.9357    142.5606     36.2883    130.0101    150.0000     20.0015     20.0000      0.0000      0.0000      0.0000    193.0347     14.0000      0.0000     -0.1396      0.4778     -0.0003
     39.9726    142.3381     41.1267    130.0101    170.0000     20.0015     20.0000      0.0000      0.0000      0.0000    193.0347     14.0000      0.0000     -0.1576      0.3730      0.0220
     40.0091    142.1154     45.9652    130.0101    190.0000     20.0015     20.0000      0.0268     -0.0737      0.0785    193.0347     14.0000     70.0000     -0.1265      0.1863      0.0268
     39.4908    144.0579      2.4197    150.0116     10.0000     20.0015     20.0000      0.6346     -5.3910      5.4282    193.0347     14.0000     83.2858      0.5250     -0.1394      0.2208
     39.5305    143.8376      7.2577    150.0116     30.0000     20.0015     20.0000      0.5345     -5.3696      5.3961    193.0347     14.0000     84.3155      0.3410     -0.1643      0.2248
     39.5698    143.6171     12.0961    150.0116     50.0000     20.0015     20.0000      0.1427     -5.0892      5.0912    193.0347     14.0000     88.3940     -0.0063     -0.3687      0.0990
     39.6086    143.3964     16.9345    150.0116     70.0000     20.0015     20.0000     -0.3172     -4.3069      4.3185    193.0347     14.0000     94.2121     -0.2848     -0.3306     -0.0326
     39.6471    143.1754     21.7730    150.0116     90.0000     20.0015     20.0000     -0.5709     -2.9779      3.0321    193.0347     14.0000    100.8521     -0.4259      0.1049     -0.1383
     39.6851    142.9541     26.6114    150.0116    110.0000     20.0015     20.0000     -0.4550     -1.4444      1.5144    193.0347     14.0000    107.4843     -0.3426      0.7841     -0.1453
     39.7228    142.7327     31.4498    150.0116    130.0000     20.0015     20.0000     -0.1121     -0.3081      0.3279    193.0347     14.0000    110.0000     -0.0990      1.2315     -0.0845
     39.7600    142.5109     36.2883    150.0116    150.0000     20.0015     20.0000      0.0000      0.0000      0.0000    193.0347     14.0000      0.0000     -0.1422      0.9132     -0.0247
     39.7968    142.2890     41.1267    150.0116    170.0000     20.0015     20.0000      0.0000      0.0000      0.0000    193.0347     14.0000      0.0000     -0.2187      0.6348      0.0051
     39.8332    142.0668     45.9652    150.0116    190.0000     20.0015     20.0000      0.0584     -0.1606      0.1709    193.0347     14.0000     70.0000     -0.1478      0.2304      0.0141
     39.3157    144.0048      2.4197    170.0132     10.0000     20.0015     20.0000      1.6205     -7.7657      7.9330    193.0347     14.0000     78.2129      0.9137     -0.2192      0.2785
     39.3553    143.7850      7.2577    170.0132     30.0000     20.0015     20.0000      1.4562     -7.6804      7.8172    193.0347     14.0000     79.2643      0.6489     -0.2580      0.3298
     39.3945    143.5650     12.0961    170.0132     50.0000     20.0015     20.0000      0.6936     -7.1963      7.2297    193.0347     14.0000     84.4950      0.1384     -0.4889      0.1854
     39.4332    143.3448     16.9345    170.0132     70.0000     20.0015     20.0000     -0.3318     -6.1748      6.1837    193.0347     14.0000     93.0761     -0.4120     -0.5160      0.0728
     39.4716    143.1243     21.7730    170.0132     90.0000     20.0015     20.0000     -1.0029     -4.5762      4.6848    193.0347     14.0000    102.3609     -0.7804     -0.0952     -0.0431
     39.5095    142.9036     26.6114    170.0132    110.0000     20.0015     20.0000     -0.9546     -2.7365      2.8982    193.0347     14.0000    109.2300     -0.7002      0.6134     -0.0965
     39.5471    142.6827     31.4498    170.0132    130.0000     20.0015     20.0000     -0.4097     -1.1255      1.1978    193.0347     14.0000    110.0000     -0.2731      1.2864     -0.0858
     39.5842    142.4615     36.2883    170.0132    150.0000     20.0015     20.0000     -0.0323     -0.1676      0.1707    193.0347     14.0000    100.9194     -0.1445      1.5727     -0.0529
     39.6209    142.2401     41.1267    170.0132    170.0000     20.0015     20.0000      0.0366     -0.1006      0.1071    193.0347     14.0000     70.0000     -0.2932      1.0385     -0.0298
     39.6572    142.0184     45.9652    170.0132    190.0000     20.0015     20.0000      0.1153     -0.3169      0.3372    193.0347     14.0000     70.0000     -0.1992      0.3420     -0.0167
     39.1405    143.9519      2.4197    190.0147     10.0000     20.0015     20.0000      2.6881    -11.6554     11.9614    193.0347     14.0000     77.0130      1.4603     -0.5650      0.4331
     39.1800    143.7327      7.2577    190.0147     30.0000     20.0015     20.0000      2.4745    -11.2423     11.5114    193.0347     14.0000     77.5869      0.9389     -0.7007      0.5393
     39.2191    143.5132     12.0961    190.0147     50.0000     20.0015     20.0000      1.2611     -9.8058      9.8866    193.0347     14.0000     82.6716      0.1682     -0.4859      0.1731
     39.2578    143.2935     16.9345    190.0147     70.0000     20.0015     20.0000     -0.5008     -7.9265      7.9423    193.0347     14.0000     93.6151     -0.8292     -0.1798      0.0865
     39.2960    143.0735     21.7730    190.0147     90.0000     20.0015     20.0000     -1.5842     -5.9915      6.1974    193.0347     14.0000    104.8102     -1.3622      0.2114      0.0816
     39.3339    142.8534     26.6114    190.0147    110.0000     20.0015     20.0000     -1.5510     -4.2615      4.5350    193.0347     14.0000    110.0000     -1.1185      0.5062      0.0324
     39.3713    142.6329     31.4498    190.0147    130.0000     20.0015     20.0000     -0.9470     -2.6018      2.7688    193.0347     14.0000    110.0000     -0.7435      0.9972     -0.0341
     39.4084    142.4123     36.2883    190.0147    150.0000     20.0015     20.0000     -0.1683     -1.2606      1.2717    193.0347     14.0000     97.6068     -0.2996      1.4390     -0.0697
     39.4450    142.1914     41.1267    190.0147    170.0000     20.0015     20.0000      0.2573     -0.7068      0.7522    193.0347     14.0000     70.0000     -0.1438      1.2332     -0.0764
     39.4812    141.9703     45.9652    190.0147    190.0000     20.0015     20.0000      0.2868     -0.7880      0.8385    193.0347     14.0000     70.0000     -0.1570      0.2745     -0.0641
     38.9654    143.8993      2.4197    210.0163     10.0000     20.0015     20.0000      3.7015    -18.0552     18.4308    193.0347     14.0000     78.4143      2.0337     -1.4613      0.8823
     39.0048    143.6806      7.2577    210.0163     30.0000     20.0015     20.0000      3.3812    -16.9499     17.2839    193.0347     14.0000     78.7185      1.0322     -1.8620      0.9811
     39.0437    143.4616     12.0961    210.0163     50.0000     20.0015     20.0000      1.6405    -13.3361     13.4366    193.0347     14.0000     82.9872     -0.2284     -0.3691     -0.0879
     39.0823    143.2424     16.9345    210.0163     70.0000     20.0015     20.0000     -0.7550     -9.3500      9.3804    193.0347     14.0000     94.6163     -1.6947      1.2857     -0.2109
     39.1205    143.0230     21.7730    210.0163     90.0000     20.0015     20.0000     -2.0310     -7.0033      7.2919    193.0347     14.0000    106.1727     -2.0595      1.4140      0.1280
     39.1582    142.8033     26.6114    210.0163    110.0000     20.0015     20.0000     -2.1300     -5.8522      6.2278    193.0347     14.0000    110.0000     -1.7282      0.6956      0.1901
     39.1956    142.5834     31.4498    210.0163    130.0000     20.0015     20.0000     -1.4472     -4.6544      4.8742    193.0347     14.0000    107.2725     -1.1804      0.4063      0.0582
     39.2326    142.3633     36.2883    210.0163    150.0000     20.0015     20.0000     -0.2687     -3.0873      3.0990    193.0347     14.0000     94.9745     -0.3553      0.8220     -0.0645
     39.2691    142.1429     41.1267    210.0163    170.0000     20.0015     20.0000      0.6540     -1.7968      1.9122    193.0347     14.0000     70.0000      0.3062      1.2429     -0.1182
     39.3052    141.9223     45.9652    210.0163    190.0000     20.0015     20.0000      0.5983     -1.6438      1.7492    193.0347     14.0000     70.0000      0.0677     -0.1046     -0.1160
     38.7902    143.8470      2.4197    230.0178     10.0000     20.0015     20.0000      4.9518    -27.3863     27.8304    193.0347     14.0000     79.7510      2.3737     -3.0043      1.7752
     38.8295    143.6288      7.2577    230.0178     30.0000     20.0015     20.0000      4.2573    -25.7209     26.0708    193.0347     14.0000     80.6015      0.7137     -4.3898      1.8185
     38.8683    143.4103     12.0961    230.0178     50.0000     20.0015     20.0000      1.9278    -18.9863     19.0839    193.0347     14.0000     84.2023     -1.3906     -1.0347     -0.7258
     38.9068    143.1916     16.9345    230.0178     70.0000     20.0015     20.0000     -0.2618    -11.2121     11.2152    193.0347     14.0000     91.3377     -2.2071      3.7614     -0.9199
     38.9449    142.9727     21.7730    230.0178     90.0000     20.0015     20.0000     -1.6503     -8.3499      8.5114    193.0347     14.0000    101.1799     -2.1745      3.0188      0.0182
     38.9826    142.7535     26.6114    230.0178    110.0000     20.0015     20.0000     -2.2517     -7.7953      8.1140    193.0347     14.0000    106.1119     -2.0317      0.9095      0.2839
     39.0198    142.5342     31.4498    230.0178    130.0000     20.0015     20.0000     -1.8086     -7.0004      7.2302    193.0347     14.0000    104.4859     -1.5348     -0.2381      0.1327
     39.0567    142.3145     36.2883    230.0178    150.0000     20.0015     20.0000     -0.4830     -5.1679      5.1904    193.0347     14.0000     95.3394     -0.5341      0.1306     -0.0515
     39.0932    142.0947     41.1267    230.0178    170.0000     20.0015     20.0000      0.8079     -3.1405      3.2427    193.0347     14.0000     75.5736      0.4552      1.0872     -0.1458
     39.1292    141.8746     45.9652    230.0178    190.0000     20.0015     20.0000      0.9598     -2.6369      2.8061    193.0347     14.0000     70.0000      0.4574     -0.5597     -0.1582
     38.6149    143.7949      2.4197    250.0194     10.0000     20.0015     20.0000      7.2089    -37.8517     38.5320    193.0347     14.0000     79.2170      2.5763     -4.6074      2.7346
     38.6541    143.5772      7.2577    250.0194     30.0000     20.0015     20.0000      6.5109    -36.3554     36.9339    193.0347     14.0000     79.8465      1.3627     -7.8315      2.9622
     38.6929    143.3592     12.0961    250.0194     50.0000     20.0015     20.0000      3.9456    -27.7396     28.0188    193.0347     14.0000     81.9047     -1.2031     -4.2890     -1.3711
     38.7313    143.1410     16.9345    250.0194     70.0000     20.0015     20.0000      1.9843    -16.1065     16.2283    193.0347     14.0000     82.9767     -1.0902      3.8594     -1.5900
     38.7693    142.9226     21.7730    250.0194     90.0000     20.0015     20.0000     -0.3365    -11.6406     11.6455    193.0347     14.0000     91.6561     -1.5363      3.2770     -0.1947
     38.8069    142.7040     26.6114    250.0194    110.0000     20.0015     20.0000     -2.0155    -10.3876     10.5813    193.0347     14.0000    100.9808     -2.1630      0.8325      0.2156
     38.8441    142.4851     31.4498    250.0194    130.0000     20.0015     20.0000     -2.1134     -9.1654      9.4059    193.0347     14.0000    102.9846     -1.9551     -0.5592      0.0994
     38.8808    142.2660     36.2883    250.0194    150.0000     20.0015     20.0000     -0.8403     -6.8891      6.9402    193.0347     14.0000     96.9546     -0.8599     -0.2057     -0.0723
     38.9172    142.0467     41.1267    250.0194    170.0000     20.0015     20.0000      0.7134     -4.3155      4.3741    193.0347     14.0000     80.6132      0.4777      0.9998     -0.1665
     38.9532    141.8272     45.9652    250.0194    190.0000     20.0015     20.0000      1.2059     -3.4865      3.6892    193.0347     14.0000     70.9207      0.9471     -0.8794     -0.1850
     38.4397    143.7430      2.4197    270.0209     10.0000     20.0015     20.0000     10.0090    -45.9578     47.0351    193.0347     14.0000     77.7136      2.5755     -5.3848      3.0454
     38.4788    143.5258      7.2577    270.0209     30.0000     20.0015     20.0000     10.1488    -44.3876     45.5330    193.0347     14.0000     77.1212      3.3365     -9.2480      3.6273
     38.5175    143.3084     12.0961    270.0209     50.0000     20.0015     20.0000      9.6619    -35.7723     37.0541    193.0347     14.0000     74.8853      4.8060     -6.5666     -0.3528
     38.5558    143.0907     16.9345    270.0209     70.0000     20.0015     20.0000      5.4952    -23.8318     24.4572    193.0347     14.0000     77.0156      2.0936      0.2973     -1.1512
     38.5937    142.8728     21.7730    270.0209     90.0000     20.0015     20.0000      0.9202    -16.8344     16.8595    193.0347     14.0000     86.8711     -1.0499      1.4908     -0.3671
     38.6312    142.6547     26.6114    270.0209    110.0000     20.0015     20.0000     -1.7871    -13.2089     13.3293    193.0347     14.0000     97.7050     -2.5110      0.5367     -0.0853
     38.6683    142.4363     31.4498    270.0209    130.0000     20.0015     20.0000     -2.2725    -10.5740     10.8154    193.0347     14.0000    102.1294     -2.3799     -0.2160     -0.1143
     38.7050    142.2177     36.2883    270.0209    150.0000     20.0015     20.0000     -1.1611     -7.7329      7.8196    193.0347     14.0000     98.5393     -1.1964      0.1477     -0.1727
     38.7412    141.9989     41.1267    270.0209    170.0000     20.0015     20.0000      0.2853     -5.0257      5.0338    193.0347     14.0000     86.7514      0.1442      1.0987     -0.2062
     38.7771    141.7799     45.9652    270.0209    190.0000     20.0015     20.0000      0.7454     -4.1526      4.2190    193.0347     14.0000     79.8244      0.4952     -1.2062     -0.2088
     38.2644    143.6914      2.4192    290.0225     10.0000     20.0015     20.0000     11.7299    -50.2677     51.6181    193.0347     14.0000     76.8651      1.8764     -5.2752      2.6994
     38.3034    143.4747      7.2577    290.0225     30.0000     20.0015     20.0000     11.5525    -48.6413     49.9943    193.0347     14.0000     76.6396      3.1301     -9.1624      3.7714
     38.3420    143.2578     12.0961    290.0225     50.0000     20.0015     20.0000      9.7170    -41.1085     42.2413    193.0347     14.0000     76.7009      3.1175     -7.6747      1.2890
     38.3802    143.0406     16.9345    290.0225     70.0000     20.0015     20.0000      5.4135    -30.4184     30.8964    193.0347     14.0000     79.9089      0.7065     -3.3046     -0.4145
     38.4181    142.8232     21.7730    290.0225     90.0000     20.0015     20.0000      1.2992    -21.2982     21.3377    193.0347     14.0000     86.5093     -1.5038     -0.3222     -0.6826
     38.4555    142.6056     26.6114    290.0225    110.0000     20.0015     20.0000     -1.1978    -15.1968     15.2439    193.0347     14.0000     94.5067     -2.5535      0.5268     -0.6036
     38.4925    142.3877     31.4498    290.0225    130.0000     20.0015     20.0000     -1.7942    -10.9541     11.1001    193.0347     14.0000     99.3020     -2.3424      0.7568     -0.4825
     38.5291    142.1697     36.2883    290.0225    150.0000     20.0015     20.0000     -1.0585     -7.6685      7.7412    193.0347     14.0000     97.8588     -1.2796      1.0632     -0.3545
     38.5653    141.9514     41.1267    290.0225    170.0000     20.0015     20.0000     -0.1635     -5.2051      5.2077    193.0347     14.0000     91.7988     -0.3426      1.3770     -0.2809
     38.6011    141.7329     45.9652    290.0225    190.0000     20.0015     20.0000      0.0488     -4.4819      4.4822    193.0347     14.0000     89.3760     -0.2547     -1.3224     -0.2432
     38.0891    143.6401      2.4197    310.0240     10.0000     20.0015     20.0000     11.9875    -51.1412     52.5273    193.0347     14.0000     76.8081      0.7716     -4.8383      2.2234
     38.1280    143.4239      7.2577    310.0240     30.0000     20.0015     20.0000     11.4315    -49.8089     51.1039    193.0347     14.0000     77.0740      2.0494     -8.8849      3.6044
     38.1666    143.2074     12.0961    310.0240     50.0000     20.0015     20.0000      8.7235    -43.5081     44.3740    193.0347     14.0000     78.6624      1.1722     -8.5423      1.3731
     38.2047    142.9908     16.9345    310.0240     70.0000     20.0015     20.0000      4.8270    -33.2393     33.5880    193.0347     14.0000     81.7374     -1.0320     -4.4543     -0.7203
     38.2424    142.7739     21.7730    310.0240     90.0000     20.0015     20.0000      2.2135    -23.1437     23.2493    193.0347     14.0000     84.5367     -1.4281     -0.4537     -1.2367
     38.2797    142.5567     26.6114    310.0240    110.0000     20.0015     20.0000      0.4924    -15.9893     15.9968    193.0347     14.0000     88.2362     -1.5924      0.9022     -1.1256
     38.3166    142.3394     31.4498    310.0240    130.0000     20.0015     20.0000     -0.1926    -10.7579     10.7596    193.0347     14.0000     91.0256     -1.3503      1.7933     -0.8422
     38.3531    142.1218     36.2883    310.0240    150.0000     20.0015     20.0000     -0.1636     -7.2575      7.2593    193.0347     14.0000     91.2916     -0.7602      1.9682     -0.5475
     38.3893    141.9041     41.1267    310.0240    170.0000     20.0015     20.0000     -0.1865     -5.1376      5.1410    193.0347     14.0000     92.0787     -0.5582      1.6289     -0.3729
     38.4250    141.6861     45.9652    310.0240    190.0000     20.0015     20.0000     -0.3248     -4.6026      4.6141    193.0347     14.0000     94.0369     -0.6832     -1.3408     -0.2886
     37.9138    143.5890      2.4197    330.0256     10.0000     20.0015     20.0000     11.4113    -49.0027     50.3138    193.0347     14.0000     76.8911     -0.2925     -4.2483      1.8140
     37.9526    143.3733      7.2577    330.0256     30.0000     20.0015     20.0000     10.9724    -47.9392     49.1788    193.0347     14.0000     77.1081      1.1673     -8.0859      3.2026
     37.9911    143.1573     12.0961    330.0256     50.0000     20.0015     20.0000      9.2691    -42.6535     43.6490    193.0347     14.0000     77.7396      1.5876     -8.2276      1.1215
     38.0291    142.9412     16.9345    330.0256     70.0000     20.0015     20.0000      7.1332    -33.2906     34.0463    193.0347     14.0000     77.9060      1.5251     -4.4185     -0.8826
     38.0667    142.7248     21.7730    330.0256     90.0000     20.0015     20.0000      4.8726    -23.6745     24.1707    193.0347     14.0000     78.3700      0.8383     -0.5166     -1.3804
     38.1040    142.5081     26.6114    330.0256    110.0000     20.0015     20.0000      3.2484    -16.6159     16.9304    193.0347     14.0000     78.9384      0.5133      0.6772     -1.2885
     38.1408    142.2913     31.4498    330.0256    130.0000     20.0015     20.0000      2.2367    -11.0475     11.2717    193.0347     14.0000     78.5547      0.5097      1.8079     -0.9916
     38.1772    142.0742     36.2883    330.0256    150.0000     20.0015     20.0000      1.2949     -7.2635      7.3780    193.0347     14.0000     79.8917      0.2389      2.1426     -0.6557
     38.2132    141.8569     41.1267    330.0256    170.0000     20.0015     20.0000      0.2685     -5.1479      5.1549    193.0347     14.0000     87.0142     -0.4072      1.6641     -0.4414
     38.2489    141.6394     45.9652    330.0256    190.0000     20.0015     20.0000     -0.1852     -4.6915      4.6951    193.0347     14.0000     92.2611     -0.5838     -1.4364     -0.3286
     37.7385    143.5382      2.4192    350.0271     10.0000     20.0015     20.0000     10.6045    -44.3916     45.6407    193.0347     14.0000     76.5646     -1.0267     -3.4922      1.4128
     37.7772    143.3229      7.2577    350.0271     30.0000     20.0015     20.0000     10.3976    -43.4682     44.6944    193.0347     14.0000     76.5476      0.5691     -6.6530      2.5816
     37.8155    143.1075     12.0961    350.0271     50.0000     20.0015     20.0000      9.6116    -39.0828     40.2473    193.0347     14.0000     76.1834      1.8196     -6.6725      1.2319
     37.8535    142.8918     16.9345    350.0271     70.0000     20.0015     20.0000      8.4472    -31.9267     33.0253    193.0347     14.0000     75.1801      2.3930     -4.4458     -0.2517
     37.8910    142.6759     21.7730    350.0271     90.0000     20.0015     20.0000      6.7484    -24.1705     25.0949    193.0347     14.0000     74.4003      2.0336     -1.9467     -0.8950
     37.9282    142.4597     26.6114    350.0271    110.0000     20.0015     20.0000      5.2538    -17.5513     18.3208    193.0347     14.0000     73.3353      1.7636     -0.5522     -1.0323
     37.9649    142.2434     31.4498    350.0271    130.0000     20.0015     20.0000      3.9802    -11.9596     12.6045    193.0347     14.0000     71.5923      1.6164      0.6989     -0.8940
     38.0013    142.0268     36.2883    350.0271    150.0000     20.0015     20.0000      2.4395     -7.7193      8.0956    193.0347     14.0000     72.4620      0.9161      1.5645     -0.6456
     38.0372    141.8100     41.1267    350.0271    170.0000     20.0015     20.0000      0.8553     -5.2134      5.2831    193.0347     14.0000     80.6827     -0.1153      1.5168     -0.4590
     38.0728    141.5931     45.9652    350.0271    190.0000     20.0015     20.0000      0.2651     -4.6835      4.6910    193.0347     14.0000     86.7602     -0.1510     -1.5279     -0.3446
     37.5631    143.4875      2.4197    370.0287     10.0000     20.0015     20.0000      9.7239    -38.1630     39.3824    193.0347     14.0000     75.7053     -1.4298     -2.6340      0.9718
     37.6018    143.2728      7.2577    370.0287     30.0000     20.0015     20.0000      9.6393    -37.4281     38.6494    193.0347     14.0000     75.5578      0.1329     -5.0732      1.9192
     37.6400    143.0578     12.0961    370.0287     50.0000     20.0015     20.0000      9.2396    -34.1432     35.3713    193.0347     14.0000     74.8577      1.5351     -5.2271      1.2677
     37.6779    142.8426     16.9345    370.0287     70.0000     20.0015     20.0000      8.4818    -29.0864     30.2978    193.0347     14.0000     73.7429      2.2039     -4.2007      0.3289
     37.7153    142.6272     21.7730    370.0287     90.0000     20.0015     20.0000      7.3192    -23.2986     24.4212    193.0347     14.0000     72.5599      2.2974     -2.8698     -0.3130
     37.7524    142.4116     26.6114    370.0287    110.0000     20.0015     20.0000      5.9747    -17.5987     18.5852    193.0347     14.0000     71.2479      2.1277     -1.6239     -0.6336
     37.7890    142.1957     31.4498    370.0287    130.0000     20.0015     20.0000      4.4769    -12.3001     13.0895    193.0347     14.0000     70.0000      1.7129     -0.3094     -0.6790
     37.8253    141.9796     36.2883    370.0287    150.0000     20.0015     20.0000      2.8160     -7.8410      8.3314    193.0347     14.0000     70.2450      1.0109      0.9744     -0.5581
     37.8612    141.7634     41.1267    370.0287    170.0000     20.0015     20.0000      1.2486     -4.9847      5.1387    193.0347     14.0000     75.9380      0.1313      1.4264     -0.4286
     37.8966    141.5469     45.9652    370.0287    190.0000     20.0015     20.0000      0.7142     -4.3434      4.4017    193.0347     14.0000     80.6625      0.3237     -1.3657     -0.3304
     37.3877    143.4372      2.4192    390.0302     10.0000     20.0015     20.0000      8.6914    -31.1829     32.3715    193.0347     14.0000     74.4257     -1.6162     -1.7970      0.5357
     37.4263    143.2229      7.2577    390.0302     30.0000     20.0015     20.0000      8.6492    -30.6453     31.8425    193.0347     14.0000     74.2390     -0.1936     -3.6470      1.2934
     37.4644    143.0084     12.0961    390.0302     50.0000     20.0015     20.0000      8.3990    -28.2963     29.5165    193.0347     14.0000     73.4678      1.1778     -3.9030      1.0837
     37.5022    142.7937     16.9345    390.0302     70.0000     20.0015     20.0000      7.8673    -24.7256     25.9471    193.0347     14.0000     72.3497      1.9612     -3.4462      0.5595
     37.5396    142.5788     21.7730    390.0302     90.0000     20.0015     20.0000      6.9822    -20.4941     21.6509    193.0347     14.0000     71.1863      2.2624     -2.7376      0.0744
     37.5766    142.3636     26.6114    390.0302    110.0000     20.0015     20.0000      5.7006    -15.9696     16.9566    193.0347     14.0000     70.3551      2.0552     -1.8623     -0.2932
     37.6131    142.1482     31.4498    390.0302    130.0000     20.0015     20.0000      4.1337    -11.3572     12.0861    193.0347     14.0000     70.0000      1.4403     -0.6529     -0.4597
     37.6493    141.9327     36.2883    390.0302    150.0000     20.0015     20.0000      2.5992     -7.1412      7.5995    193.0347     14.0000     70.0000      0.8155      0.7791     -0.4433
     37.6851    141.7169     41.1267    390.0302    170.0000     20.0015     20.0000      1.3256     -4.2742      4.4751    193.0347     14.0000     72.7687      0.2280      1.5174     -0.3696
     37.7205    141.5009     45.9652    390.0302    190.0000     20.0015     20.0000      0.9279     -3.6033      3.7209    193.0347     14.0000     75.5591      0.5688     -0.8730     -0.2951
     37.2123    143.3870      2.4197    410.0318     10.0000     20.0015     20.0000      7.4192    -24.1407     25.2551    193.0347     14.0000     72.9161     -1.6581     -1.0863      0.1529
     37.2508    143.1732      7.2577    410.0318     30.0000     20.0015     20.0000      7.3796    -23.7327     24.8536    193.0347     14.0000     72.7271     -0.4366     -2.4643      0.7383
     37.2889    142.9592     12.0961    410.0318     50.0000     20.0015     20.0000      7.1470    -21.9552     23.0892    193.0347     14.0000     71.9685      0.7959     -2.6112      0.7666
     37.3265    142.7450     16.9345    410.0318     70.0000     20.0015     20.0000      6.6698    -19.2673     20.3891    193.0347     14.0000     70.9055      1.5604     -2.2333      0.5403
     37.3638    142.5305     21.7730    410.0318     90.0000     20.0015     20.0000      5.8764    -16.1558     17.1913    193.0347     14.0000     70.0120      1.8761     -1.7506      0.2690
     37.4007    142.3159     26.6114    410.0318    110.0000     20.0015     20.0000      4.6925    -12.8927     13.7201    193.0347     14.0000     70.0000      1.5946     -1.3333     -0.0440
     37.4372    142.1010     31.4498    410.0318    130.0000     20.0015     20.0000      3.3948     -9.3270      9.9256    193.0347     14.0000     70.0000      1.1588     -0.4240     -0.2619
     37.4733    141.8859     36.2883    410.0318    150.0000     20.0015     20.0000      2.1213     -5.8282      6.2023    193.0347     14.0000     70.0000      0.6021      0.8640     -0.3208
     37.5090    141.6706     41.1267    410.0318    170.0000     20.0015     20.0000      1.1727     -3.3418      3.5416    193.0347     14.0000     70.6622      0.2026      1.6205     -0.3008
     37.5443    141.4551     45.9652    410.0318    190.0000     20.0015     20.0000      0.9009     -2.7493      2.8931    193.0347     14.0000     71.8569      0.5536     -0.3144     -0.2562
     37.0369    143.3371      2.4197    430.0333     10.0000     20.0015     20.0000      5.9036    -17.5676     18.5330    193.0347     14.0000     71.4249     -1.5956     -0.5268     -0.1419
     37.0753    143.1238      7.2577    430.0333     30.0000     20.0015     20.0000      5.8447    -17.2268     18.1913    193.0347     14.0000     71.2589     -0.6113     -1.5292      0.2914
     37.1133    142.9103     12.0961    430.0333     50.0000     20.0015     20.0000      5.5285    -15.7557     16.6976    193.0347     14.0000     70.6645      0.3461     -1.4416      0.4073
     37.1509    142.6965     16.9345    430.0333     70.0000     20.0015     20.0000      4.9371    -13.5824     14.4518    193.0347     14.0000     70.0243      0.8533     -0.9069      0.3678
     37.1881    142.4825     21.7730    430.0333     90.0000     20.0015     20.0000      4.1024    -11.2713     11.9946    193.0347     14.0000     70.0000      0.9541     -0.4047      0.3150
     37.2249    142.2684     26.6114    430.0333    110.0000     20.0015     20.0000      3.3334     -9.1586      9.7464    193.0347     14.0000     70.0000      1.0859     -0.2715      0.1312
     37.2613    142.0540     31.4498    430.0333    130.0000     20.0015     20.0000      2.4397     -6.9847      7.3985    193.0347     14.0000     70.7457      0.8089     -0.0553     -0.0814
     37.2973    141.8394     36.2883    430.0333    150.0000     20.0015     20.0000      1.5907     -4.5523      4.8222    193.0347     14.0000     70.7387      0.4268      0.8422     -0.1972
     37.3329    141.6246     41.1267    430.0333    170.0000     20.0015     20.0000      0.9644     -2.7145      2.8807    193.0347     14.0000     70.4419      0.1535      1.4263     -0.2360
     37.3681    141.4096     45.9652    430.0333    190.0000     20.0015     20.0000      0.7802     -2.2663      2.3969    193.0347     14.0000     71.0026      0.4187     -0.1418     -0.2298
     36.8615    143.2874      2.4197    450.0349     10.0000     20.0015     20.0000      4.2461    -11.8667     12.6034    193.0347     14.0000     70.3121     -1.4642     -0.1188     -0.3312
     36.8998    143.0746      7.2577    450.0349     30.0000     20.0015     20.0000      4.1666    -11.5774     12.3043    193.0347     14.0000     70.2066     -0.7446     -0.8115     -0.0211
     36.9377    142.8615     12.0961    450.0349     50.0000     20.0015     20.0000      3.7714    -10.3617     11.0267    193.0347     14.0000     70.0000     -0.1148     -0.5341      0.0917
     36.9752    142.6482     16.9345    450.0349     70.0000     20.0015     20.0000      3.0829     -8.6519      9.1848    193.0347     14.0000     70.3875      0.0985      0.0926      0.1368
     37.0123    142.4347     21.7730    450.0349     90.0000     20.0015     20.0000      2.2404     -7.0474      7.3949    193.0347     14.0000     72.3645     -0.0016      0.6060      0.2440
     37.0490    142.2210     26.6114    450.0349    110.0000     20.0015     20.0000      1.6074     -6.0023      6.2138    193.0347     14.0000     75.0081     -0.0727      0.4320      0.2087
     37.0853    142.0071     31.4498    450.0349    130.0000     20.0015     20.0000      1.3363     -5.1168      5.2884    193.0347     14.0000     75.3638      0.1339      0.0856      0.0545
     37.1213    141.7930     36.2883    450.0349    150.0000     20.0015     20.0000      1.1334     -3.8471      4.0105    193.0347     14.0000     73.5845      0.2637      0.4656     -0.0865
     37.1568    141.5787     41.1267    450.0349    170.0000     20.0015     20.0000      0.8499     -2.7725      2.8998    193.0347     14.0000     72.9572      0.1544      0.7398     -0.1827
     37.1920    141.3642     45.9652    450.0349    190.0000     20.0015     20.0000      0.7194     -2.4955      2.5972    193.0347     14.0000     73.9182      0.3082     -0.6837     -0.2212
     36.6860    143.2380      2.4192    470.0364     10.0000     20.0015     20.0000      2.6547     -7.2936      7.7617    193.0347     14.0000     70.0000     -1.2988      0.1451     -0.3996
     36.7242    143.0256      7.2577    470.0364     30.0000     20.0015     20.0000      2.5735     -7.0706      7.5244    193.0347     14.0000     70.0000     -0.8474     -0.2740     -0.2039
     36.7620    142.8130     12.0961    470.0364     50.0000     20.0015     20.0000      2.2273     -6.1699      6.5597    193.0347     14.0000     70.1504     -0.4302      0.0737     -0.1181
     36.7994    142.6002     16.9345    470.0364     70.0000     20.0015     20.0000      1.5877     -5.0463      5.2901    193.0347     14.0000     72.5350     -0.4088      0.5607     -0.0498
     36.8365    142.3872     21.7730    470.0364     90.0000     20.0015     20.0000      0.8800     -4.2129      4.3039    193.0347     14.0000     78.2016     -0.5967      0.8090      0.1169
     36.8731    142.1740     26.6114    470.0364    110.0000     20.0015     20.0000      0.5042     -3.9624      3.9943    193.0347     14.0000     82.7480     -0.6323      0.5018      0.1936
     36.9093    141.9605     31.4498    470.0364    130.0000     20.0015     20.0000      0.6570     -3.9436      3.9980    193.0347     14.0000     80.5412     -0.2151      0.0141      0.1329
     36.9452    141.7469     36.2883    470.0364    150.0000     20.0015     20.0000      0.9124     -3.7009      3.8118    193.0347     14.0000     76.1507      0.2020     -0.1251      0.0040
     36.9807    141.5331     41.1267    470.0364    170.0000     20.0015     20.0000      0.9296     -3.3921      3.5172    193.0347     14.0000     74.6738      0.2702     -0.2842     -0.1369
     37.0157    141.3190     45.9652    470.0364    190.0000     20.0015     20.0000      0.8571     -3.3007      3.4102    193.0347     14.0000     75.4429      0.4111     -1.8009     -0.2194
     36.5105    143.1888      2.4197    490.0380     10.0000     20.0015     20.0000      1.4259     -3.9176      4.1690    193.0347     14.0000     70.0000     -1.0242      0.2945     -0.3801
     36.5486    142.9768      7.2577    490.0380     30.0000     20.0015     20.0000      1.3723     -3.7705      4.0125    193.0347     14.0000     70.0000     -0.7784      0.1246     -0.2856
     36.5864    142.7647     12.0961    490.0380     50.0000     20.0015     20.0000      1.1219     -3.2361      3.4251    193.0347     14.0000     70.8789     -0.5505      0.4094     -0.2172
     36.6237    142.5524     16.9345    490.0380     70.0000     20.0015     20.0000      0.6917     -2.6849      2.7726    193.0347     14.0000     75.5540     -0.5537      0.6739     -0.1476
     36.6606    142.3398     21.7730    490.0380     90.0000     20.0015     20.0000      0.2974     -2.4705      2.4883    193.0347     14.0000     83.1368     -0.6101      0.6849      0.0237
     36.6972    142.1271     26.6114    490.0380    110.0000     20.0015     20.0000      0.2291     -2.7279      2.7375    193.0347     14.0000     85.1988     -0.4885      0.3511      0.1652
     36.7334    141.9141     31.4498    490.0380    130.0000     20.0015     20.0000      0.5588     -3.2420      3.2898    193.0347     14.0000     80.2206     -0.0903     -0.1551      0.1870
     36.7691    141.7010     36.2883    490.0380    150.0000     20.0015     20.0000      0.9826     -3.7088      3.8367    193.0347     14.0000     75.1607      0.3392     -0.6364      0.0848
     36.8045    141.4876     41.1267    490.0380    170.0000     20.0015     20.0000      1.1982     -4.0007      4.1763    193.0347     14.0000     73.3265      0.5547     -1.1827     -0.0844
     36.8395    141.2740     45.9652    490.0380    190.0000     20.0015     20.0000      1.2012     -4.0692      4.2428    193.0347     14.0000     73.5534      0.8198     -2.8530     -0.2038
     36.3350    143.1397      2.4192    510.0395     10.0000     20.0015     20.0000      0.6217     -1.7080      1.8177    193.0347     14.0000     70.0000     -0.7132      0.3453     -0.3133
     36.3731    142.9283      7.2577    510.0395     30.0000     20.0015     20.0000      0.5938     -1.6316      1.7363    193.0347     14.0000     70.0000     -0.6344      0.3458     -0.2906
     36.4107    142.7166     12.0961    510.0395     50.0000     20.0015     20.0000      0.4704     -1.3939      1.4711    193.0347     14.0000     71.3511     -0.5181      0.5418     -0.2371
     36.4479    142.5047     16.9345    510.0395     70.0000     20.0015     20.0000      0.2866     -1.2429      1.2755    193.0347     14.0000     77.0167     -0.4732      0.6457     -0.1618
     36.4848    142.2927     21.7730    510.0395     90.0000     20.0015     20.0000      0.1909     -1.3865      1.3996    193.0347     14.0000     82.1601     -0.3881      0.5495      0.0037
     36.5213    142.0804     26.6114    510.0395    110.0000     20.0015     20.0000      0.3309     -1.8886      1.9174    193.0347     14.0000     80.0617     -0.1729      0.2390      0.1700
     36.5574    141.8679     31.4498    510.0395    130.0000     20.0015     20.0000      0.6952     -2.6406      2.7306    193.0347     14.0000     75.2495      0.1609     -0.2401      0.2364
     36.5931    141.6552     36.2883    510.0395    150.0000     20.0015     20.0000      1.1096     -3.4318      3.6067    193.0347     14.0000     72.0821      0.5124     -0.8351      0.1569
     36.6284    141.4423     41.1267    510.0395    170.0000     20.0015     20.0000      1.3908     -4.0186      4.2525    193.0347     14.0000     70.9094      0.7931     -1.5396     -0.0211
     36.6633    141.2293     45.9652    510.0395    190.0000     20.0015     20.0000      1.4469     -4.1666      4.4107    193.0347     14.0000     70.8495      1.1925     -3.1848     -0.1621
     36.1595    143.0910      2.4197    530.0410     10.0000     20.0015     20.0000      0.1845     -0.5069      0.5395    193.0347     14.0000     70.0000     -0.4310      0.3108     -0.2226
     36.1974    142.8800      7.2577    530.0410     30.0000     20.0015     20.0000      0.1738     -0.4774      0.5080    193.0347     14.0000     70.0000     -0.4675      0.3949     -0.2455
     36.2350    142.6688     12.0961    530.0410     50.0000     20.0015     20.0000      0.1474     -0.4085      0.4342    193.0347     14.0000     70.1536     -0.4209      0.5238     -0.2107
     36.2722    142.4573     16.9345    530.0410     70.0000     20.0015     20.0000      0.1261     -0.4430      0.4606    193.0347     14.0000     74.1146     -0.3530      0.5590     -0.1333
     36.3089    142.2457     21.7730    530.0410     90.0000     20.0015     20.0000      0.1871     -0.6958      0.7205    193.0347     14.0000     74.9512     -0.2219      0.4603      0.0178
     36.3453    142.0339     26.6114    530.0410    110.0000     20.0015     20.0000      0.3853     -1.2058      1.2659    193.0347     14.0000     72.2797     -0.0134      0.2224      0.1764
     36.3813    141.8219     31.4498    530.0410    130.0000     20.0015     20.0000      0.6841     -1.9178      2.0362    193.0347     14.0000     70.3694      0.2274     -0.1552      0.2534
     36.4170    141.6097     36.2883    530.0410    150.0000     20.0015     20.0000      0.9763     -2.6825      2.8546    193.0347     14.0000     70.0000      0.4326     -0.6663      0.1945
     36.4522    141.3973     41.1267    530.0410    170.0000     20.0015     20.0000      1.1857     -3.2576      3.4667    193.0347     14.0000     70.0000      0.6322     -1.2777      0.0338
     36.4870    141.1847     45.9652    530.0410    190.0000     20.0015     20.0000      1.2375     -3.3999      3.6181    193.0347     14.0000     70.0000      1.0307     -2.6220     -0.1043
     35.9840    143.0424      2.4197    550.0426     10.0000     20.0015     20.0000      0.0174     -0.0478      0.0509    193.0347     14.0000     70.0000     -0.2108      0.2205     -0.1283
     36.0218    142.8318      7.2577    550.0426     30.0000     20.0015     20.0000      0.0146     -0.0401      0.0427    193.0347     14.0000     70.0000     -0.2957      0.3117     -0.1709
     36.0593    142.6211     12.0961    550.0426     50.0000     20.0015     20.0000      0.0127     -0.0348      0.0371    193.0347     14.0000     70.0000     -0.3224      0.3862     -0.1680
     36.0964    142.4101     16.9345    550.0426     70.0000     20.0015     20.0000      0.0328     -0.0902      0.0960    193.0347     14.0000     70.0000     -0.2957      0.4166     -0.1114
     36.1331    142.1990     21.7730    550.0426     90.0000     20.0015     20.0000      0.1016     -0.2793      0.2972    193.0347     14.0000     70.0000     -0.2217      0.3728      0.0056
     36.1694    141.9876     26.6114    550.0426    110.0000     20.0015     20.0000      0.2298     -0.6313      0.6718    193.0347     14.0000     70.0000     -0.1199      0.2425      0.1329
     36.2053    141.7761     31.4498    550.0426    130.0000     20.0015     20.0000      0.4028     -1.1066      1.1776    193.0347     14.0000     70.0000     -0.0021      0.0325      0.2039
     36.2408    141.5643     36.2883    550.0426    150.0000     20.0015     20.0000      0.5809     -1.5961      1.6986    193.0347     14.0000     70.0000      0.1270     -0.2392      0.1721
     36.2760    141.3524     41.1267    550.0426    170.0000     20.0015     20.0000      0.7082     -1.9458      2.0707    193.0347     14.0000     70.0000      0.2659     -0.5724      0.0562
     36.3108    141.1403     45.9652    550.0426    190.0000     20.0015     20.0000      0.7370     -2.0250      2.1550    193.0347     14.0000     70.0000      0.5660     -1.4045     -0.0521
     35.8084    142.9940      2.4192    570.0441     10.0000     20.0015     20.0000      0.0000      0.0000      0.0000    193.0347     14.0000      0.0000     -0.0732      0.1155     -0.0536
     35.8462    142.7839      7.2577    570.0441     30.0000     20.0015     20.0000      0.0000      0.0000      0.0000    193.0347     14.0000      0.0000     -0.1431      0.1567     -0.0901
     35.8836    142.5736     12.0961    570.0441     50.0000     20.0015     20.0000      0.0000      0.0000      0.0000    193.0347     14.0000      0.0000     -0.1909      0.1905     -0.1194
     35.9205    142.3632     16.9345    570.0441     70.0000     20.0015     20.0000      0.0000      0.0000      0.0000    193.0347     14.0000      0.0000     -0.2218      0.2498     -0.1041
     35.9572    142.1525     21.7730    570.0441     90.0000     20.0015     20.0000      0.0216     -0.0593      0.0631    193.0347     14.0000     70.0000     -0.2195      0.2788     -0.0377
     35.9934    141.9416     26.6114    570.0441    110.0000     20.0015     20.0000      0.0706     -0.1940      0.2065    193.0347     14.0000     70.0000     -0.1892      0.2726      0.0467
     36.0293    141.7305     31.4498    570.0441    130.0000     20.0015     20.0000      0.1372     -0.3769      0.4011    193.0347     14.0000     70.0000     -0.1471      0.2490      0.1054
     36.0647    141.5192     36.2883    570.0441    150.0000     20.0015     20.0000      0.2019     -0.5548      0.5904    193.0347     14.0000     70.0000     -0.1047      0.2113      0.1028
     36.0998    141.3077     41.1267    570.0441    170.0000     20.0015     20.0000      0.2418     -0.6645      0.7071    193.0347     14.0000     70.0000     -0.0545      0.1384      0.0426
     36.1345    141.0960     45.9652    570.0441    190.0000     20.0015     20.0000      0.2479     -0.6812      0.7249    193.0347     14.0000     70.0000      0.1056     -0.1927     -0.0219
     35.6328    142.9459      2.4197    590.0457     10.0000     20.0015     20.0000      0.0000      0.0000      0.0000    193.0347     14.0000      0.0000     -0.0353      0.0714     -0.0301
     35.6705    142.7362      7.2577    590.0457     30.0000     20.0015     20.0000      0.0000      0.0000      0.0000    193.0347     14.0000      0.0000     -0.0760      0.0937     -0.0500
     35.7078    142.5264     12.0961    590.0457     50.0000     20.0015     20.0000      0.0000      0.0000      0.0000    193.0347     14.0000      0.0000     -0.1155      0.1119     -0.0737
     35.7447    142.3164     16.9345    590.0457     70.0000     20.0015     20.0000      0.0000      0.0000      0.0000    193.0347     14.0000      0.0000     -0.1435      0.1269     -0.0841
     35.7813    142.1061     21.7730    590.0457     90.0000     20.0015     20.0000      0.0000      0.0000      0.0000    193.0347     14.0000      0.0000     -0.1594      0.1548     -0.0649
     35.8174    141.8957     26.6114    590.0457    110.0000     20.0015     20.0000      0.0000      0.0000      0.0000    193.0347     14.0000      0.0000     -0.1685      0.2083     -0.0237
     35.8532    141.6851     31.4498    590.0457    130.0000     20.0015     20.0000      0.0000      0.0000      0.0000    193.0347     14.0000      0.0000     -0.1751      0.2832      0.0163
     35.8886    141.4742     36.2883    590.0457    150.0000     20.0015     20.0000      0.0000      0.0000      0.0000    193.0347     14.0000      0.0000     -0.1780      0.3541      0.0305
     35.9236    141.2632     41.1267    590.0457    170.0000     20.0015     20.0000      0.0000      0.0000      0.0000    193.0347     14.0000      0.0000     -0.1647      0.3790      0.0135
     35.9582    141.0520     45.9652    590.0457    190.0000     20.0015     20.0000      0.0000      0.0000      0.0000    193.0347     14.0000      0.0000     -0.1031      0.3138     -0.0125
     35.4572    142.8979      2.4192    610.0472     10.0000     20.0015     20.0000      0.0000      0.0000      0.0000    193.0347     14.0000      0.0000     -0.0221      0.0500     -0.0206
     35.4948    142.6888      7.2577    610.0472     30.0000     20.0015     20.0000      0.0000      0.0000      0.0000    193.0347     14.0000      0.0000     -0.0462      0.0628     -0.0314
     35.5320    142.4794     12.0961    610.0472     50.0000     20.0015     20.0000      0.0000      0.0000      0.0000    193.0347     14.0000      0.0000     -0.0727      0.0729     -0.0450
     35.5689    142.2698     16.9345    610.0472     70.0000     20.0015     20.0000      0.0000      0.0000      0.0000    193.0347     14.0000      0.0000     -0.0950      0.0777     -0.0571
     35.6053    142.0600     21.7730    610.0472     90.0000     20.0015     20.0000      0.0000      0.0000      0.0000    193.0347     14.0000      0.0000     -0.1052      0.0780     -0.0587
     35.6414    141.8500     26.6114    610.0472    110.0000     20.0015     20.0000      0.0000      0.0000      0.0000    193.0347     14.0000      0.0000     -0.1006      0.0795     -0.0459
     35.6771    141.6398     31.4498    610.0472    130.0000     20.0015     20.0000      0.0000      0.0000      0.0000    193.0347     14.0000      0.0000     -0.0852      0.0869     -0.0257
     35.7124    141.4295     36.2883    610.0472    150.0000     20.0015     20.0000      0.0000      0.0000      0.0000    193.0347     14.0000      0.0000     -0.0660      0.0978     -0.0107
     35.7473    141.2189     41.1267    610.0472    170.0000     20.0015     20.0000      0.0000      0.0000      0.0000    193.0347     14.0000      0.0000     -0.0457      0.1022     -0.0078
     35.7819    141.0082     45.9652    610.0472    190.0000     20.0015     20.0000      0.0000      0.0000      0.0000    193.0347     14.0000      0.0000     -0.0225      0.0928     -0.0119
