   iter.      cost_function
       0  1.000000000000000
       1  0.671043606936730
       2  0.337412742091570
       3  0.218731328400354
       4  0.150968642766956
       5  0.132495246575738
       6  0.053885921481223
       7  0.048501476066129
       8  0.034337921716361
       9  0.031338562216463
      10  0.025712790098951
      11  0.024976962022463
      12  0.021434013549071
      13  0.014254371333921
      14  0.011748781713565
      15  0.011416624100161
      16  0.012927532048830
      16  0.011370906812999
      17  0.011025865190124
      18  0.010575085652321
      19  0.010465557512866
      20  0.012637537285575
      20  0.010777852543038
      20  0.010481817850338
      20  0.010431176950514
      21  0.010390143625226
      22  0.010335340335736
      23  0.010237971521199
      24  0.010208671232984
      25  0.009736203959201
      26  0.009654580606949
      27  0.009627253915988
      28  0.009585770716857
      29  0.009566310267112
      30  0.008951286609637
      31  0.008881851302857
      32  0.008490040563201
      33  0.008411070881809
      34  0.008220570755019
      35  0.008183568266555
      36  0.007413371252304
      37  0.007398682260622
      38  0.007378398302562
      39  0.007361445527499
      40  0.007293899221006
      41  0.007286514157121
      42  0.007270928509022
      43  0.007239094497055
      44  0.007177820386800
      45  0.007153956361338
      46  0.006963352810279
      47  0.006952275049258
      48  0.006881090482333
      49  0.006868159326405
      50  0.006732271590836
      51  0.006726805776118
      52  0.006711452272444
      53  0.006706248440593
      54  0.006753966930661
      54  0.006704395579741
      55  0.006700537477024
      56  0.006693590487113
      57  0.006690221732720
      58  0.006676976235982
      59  0.006674403339078
      60  0.006606173786856
      61  0.006603545949866
      62  0.006599331347661
      63  0.006597761441872
      64  0.006576681435424
      65  0.006575228652423
      66  0.006570245901640
      67  0.006568652807046
      68  0.006453595320450
      69  0.006452651527777
      70  0.006449527928190
      71  0.006447184634623
      72  0.006442041518868
      73  0.006440886568331
      74  0.006429522181329
      75  0.006428671356676
      76  0.006362079400015
      77  0.006360966182728
      78  0.006360048765620
      79  0.006358702936424
      80  0.006355027420738
      81  0.006354295414888
      82  0.006144289326280
      83  0.006133509081861
      84  0.006114702354776
      85  0.006102284576996
      86  0.006088810912440
      87  0.006084802047476
      88  0.006058346253829
      89  0.006056547850109
      90  0.006027012604382
      91  0.006025811082773
      92  0.006024933498326
      93  0.006005031214377
      94  0.006003730693265
      95  0.006001663532356
      96  0.006000650734852
      97  0.005997872166734
      98  0.005997476203833
      99  0.006011462111262
      99  0.005997468506130
     100  0.005996735778623
     101  0.005995365198279
     102  0.005994940228644
     103  0.005992210295942
     104  0.005991889822904
     105  0.005989000226524
     106  0.005988546108981
     107  0.005987667824887
     108  0.005987325888396
     109  0.005971764247041
     110  0.005971536148466
     111  0.005970973611490
     112  0.005970031800438
     113  0.005969717968407
     114  0.005965551009211
     115  0.005965335415096
     116  0.005964940905428
     117  0.005937138423403
     118  0.005936997850604
     119  0.005936785368893
     120  0.005936212291165
     121  0.005936078100065
     122  0.005934549391872
     123  0.005934440020650
     124  0.005933648206436
     125  0.005933501344279
     126  0.005933948562763
     126  0.005933408171151
     127  0.005933278804619
     128  0.005933112858463
     129  0.005933001852581
     130  0.005932691729163
     131  0.005932594136565
     132  0.005929211588250
     133  0.005929108632141
     134  0.005928841630780
     135  0.005928758364651
     136  0.005927895079799
     137  0.005927705949839
     138  0.005927296818762
     139  0.005927215853606
     140  0.005922075199317
     141  0.005921967752487
     142  0.005921893633708
     143  0.005921503269498
     144  0.005921407419902
     145  0.005921270964201
     146  0.005921201403434
     147  0.005929356510259
     147  0.005921347124104
     147  0.005921166394109
     148  0.005921127565659
     149  0.005920756568950
     150  0.005920668875393
     151  0.005920566581637
     152  0.005920499846475
     153  0.005919931595691
     154  0.005919889738601
     155  0.005919841306055
     156  0.005918982306033
     157  0.005918946493509
     158  0.005918792935320
     159  0.005918715162294
     160  0.005918593523891
     161  0.005918554938374
     162  0.005914759643864
     163  0.005914730186649
     164  0.005914675976292
     165  0.005914475362673
     166  0.005914438586171
     167  0.005913237631081
     168  0.005913209416823
     169  0.005913161922390
     170  0.005912974280908
     171  0.005912941725921
     172  0.005912493564255
     173  0.005912467363519
     174  0.005912344936364
     175  0.005912296357146
     176  0.005906939497699
     177  0.005906916633518
     178  0.005906891269191
     179  0.005906839073435
     180  0.005906818698205
     181  0.005905875859261
     182  0.005905850009121
     183  0.005905803316203
     184  0.005905785292050
     185  0.005905579930342
     186  0.005905519269337
     187  0.005905500209734
     188  0.005899596390866
     189  0.005899585572165
     190  0.005899568185381
     191  0.005899527075037
     192  0.005899516944417
     193  0.005899439644167
     194  0.005899423797098
     195  0.005899282502227
     196  0.005899269783119
     197  0.005899241102806
     198  0.005899229716377
     199  0.005899697777150
     199  0.005899225137395
     200  0.005899215671559
     201  0.005899195134349
     202  0.005899147508239
     203  0.005899135809011
     204  0.005899100496136
     205  0.005899090859927
     206  0.005898861975193
     207  0.005898853333572
     208  0.005898836505569
     209  0.005898749607718
     210  0.005898738762049
     211  0.005898723297550
     212  0.005898671906316
     213  0.005898663736914
     214  0.005898064101747
     215  0.005898054680199
     216  0.005898042740188
     217  0.005898018366714
     218  0.005898010499599
     219  0.005897488087360
     220  0.005897481028573
     221  0.005897440951369
     222  0.005897429444038
     223  0.005897403361393
     224  0.005897395742416
     225  0.005897201636184
     226  0.005897195067282
     227  0.005897176889909
     228  0.005897062704076
     229  0.005897053133755
     230  0.005897038490243
     231  0.005897028802820
     232  0.005895081777587
     233  0.005895077189013
     234  0.005895071639394
     235  0.005895032010458
     236  0.005895026997772
     237  0.005895003527008
     238  0.005894994959116
     239  0.005894990185644
     240  0.005892742732468
     241  0.005892740351171
     242  0.005892733199215
     243  0.005892716073109
     244  0.005892712923202
     245  0.005892707444948
     246  0.005892704751017
     247  0.005892630460381
     248  0.005892628330383
     249  0.005892600695710
     250  0.005892597133553
     251  0.005892594074923
     252  0.005892583652904
     253  0.005892581460442
     254  0.005892301121995
     255  0.005892298952287
     256  0.005892294581728
     257  0.005892291299395
     258  0.005892287380805
     259  0.005892285448325
     260  0.005892191696514
     261  0.005892189910647
     262  0.005892165074167
     263  0.005892158915955
     264  0.005892157199092
     265  0.005891884841890
     266  0.005891882822278
     267  0.005891876692303
     268  0.005891875009148
     269  0.005891863153893
     270  0.005891861367759
     271  0.005891857224773
     272  0.005891855662234
     273  0.005890666753449
     274  0.005890665711760
     275  0.005890662739035
     276  0.005890661164471
     277  0.005890654643296
     278  0.005890654113172
     279  0.005890653387274
     280  0.005890649249162
     281  0.005890648840233
     282  0.005890640922154
     283  0.005890640329363
     284  0.005890639361797
     285  0.005890638861902
     286  0.005890632770212
     287  0.005890632381177
     288  0.005890630261122
     289  0.005890629489675
     290  0.005890619887304
     291  0.005890619498137
     292  0.005890618560776
     293  0.005890618052442
     294  0.005905532291978
     294  0.005890745410113
     294  0.005890618408455
     294  0.005890617910553
     295  0.005890617763993
     296  0.005890617194822
     297  0.005890617035616
     298  0.005890616747320
     299  0.005890616099274
     300  0.005890615953054
     301  0.005890610214546
     302  0.005890610020849
     303  0.005890609779164
     304  0.005890609339093
     305  0.005890609197399
     306  0.005890605980381
     307  0.005890605781432
     308  0.005890604877222
     309  0.005890604714236
     310  0.005890596224529
     311  0.005890596077091
     312  0.005890595819539
     313  0.005890595417745
     314  0.005890595280411
     315  0.005890592877795
     316  0.005890592674482
     317  0.005890591849388
     318  0.005890591680776
     319  0.005890578455279
     320  0.005890578323765
     321  0.005890577837711
     322  0.005890577667539
     323  0.005890576795043
     324  0.005890576644566
     325  0.005890575032753
     326  0.005890574818702
     327  0.005890574670895
     328  0.005890344715186
     329  0.005890344652935
     330  0.005890344511606
     331  0.005890344388272
     332  0.005890344322480
     333  0.005890344034382
     334  0.005890343974969
     335  0.005890341349364
     336  0.005890341221137
     337  0.005890341020893
     338  0.005890340946524
     339  0.005890340436978
     340  0.005890340379005
     341  0.005890334865448
     342  0.005890334772271
     343  0.005890334683918
     344  0.005890334527035
     345  0.005890334466243
     346  0.005890333263535
     347  0.005890333195599
     348  0.005890332916241
     349  0.005890332858530
     350  0.005890318757367
     351  0.005890318664744
     352  0.005890318611887
     353  0.005890318237667
     354  0.005890318138590
     355  0.005890318059758
     356  0.005890317831155
     357  0.005890317779902
     358  0.005890295558694
     359  0.005890295489595
     360  0.005890295112537
     361  0.005890295058209
     362  0.005890294922683
     363  0.005890294869656
     364  0.005890294331539
     365  0.005890294284274
     366  0.005890293805399
     367  0.005890293722184
     368  0.005890293660561
     369  0.005890292399922
     370  0.005890292355225
     371  0.005890292207019
     372  0.005890292090964
     373  0.005890292035653
     374  0.005891016962481
     374  0.005890292861186
     374  0.005890292010227
     375  0.005890291984107
     376  0.005890291916916
     377  0.005890291887204
     378  0.005890291723449
     379  0.005890291672081
     380  0.005890291570930
     381  0.005890291542786
     382  0.005890290432010
     383  0.005890290405038
     384  0.005890290300999
     385  0.005890290264042
     386  0.005890289785166
     387  0.005890289759168
     388  0.005890289696770
     389  0.005890289433472
     390  0.005890289400019
     391  0.005890289352927
     392  0.005890287895068
     393  0.005890287869727
     394  0.005890287832772
     395  0.005890287635947
     396  0.005890287607926
     397  0.005890284433715
     398  0.005890284400515
     399  0.005890284344237
     400  0.005890284317183
     401  0.005890284183213
     402  0.005890284143606
     403  0.005890284053694
     404  0.005890284028204
     405  0.005890279728041
     406  0.005890279701114
     407  0.005890279555222
     408  0.005890279526440
     409  0.005890279310813
     410  0.005890279286864
     411  0.005890279209291
     412  0.005890278873697
     413  0.005890278832216
     414  0.005890278801935
     415  0.005890278009850
     416  0.005890277985470
     417  0.005890277922499
     418  0.005890277819336
     419  0.005890277794073
     420  0.005890261074954
     421  0.005890261046520
     422  0.005890261024584
     423  0.005890260980471
     424  0.005890260782269
     425  0.005890260761455
     426  0.005890260662625
     427  0.005890260622679
     428  0.005890259898219
     429  0.005890259868307
     430  0.005890259833715
     431  0.005890259719556
     432  0.005890259696638
     433  0.005890257837007
     434  0.005890257816176
     435  0.005890257768536
     436  0.005890257732278
     437  0.005890257399124
     438  0.005890257374308
     439  0.005890257316396
     440  0.005890257295329
     441  0.005890257328887
     441  0.005890257277336
     442  0.005890257256779
     443  0.005890257217779
     444  0.005890257194096
     445  0.005890256944317
     446  0.005890256926171
     447  0.005890256845514
     448  0.005890256781665
     449  0.005890256753756
     450  0.005890256329547
     451  0.005890256311587
     452  0.005890256256494
     453  0.005890256231958
     454  0.005890254963683
     455  0.005890254944258
     456  0.005890254908819
     457  0.005890254861319
     458  0.005890254839827
     459  0.005890254122321
     460  0.005890254104648
     461  0.005890253973009
     462  0.005890253948210
     463  0.005890253617497
     464  0.005890253599025
     465  0.005890253518113
     466  0.005890253493574
     467  0.005890251028846
     468  0.005890251011502
     469  0.005890250981814
     470  0.005890250942495
     471  0.005890250921437
     472  0.005890250718435
     473  0.005890250700762
     474  0.005890247281049
     475  0.005890247260347
     476  0.005890247206394
     477  0.005890247189829
     478  0.005890247081305
     479  0.005890247054263
     480  0.005890246984534
     481  0.005890246965437
     482  0.005890243087724
     483  0.005890243068921
     484  0.005890243029957
     485  0.005890243000447
     486  0.005890242945018
     487  0.005890242927952
     488  0.005890242642061
     489  0.005890242626161
     490  0.005890242464791
     491  0.005890242438327
     492  0.005890242226765
     493  0.005890242208981
     494  0.005890242125083
     495  0.005890242102899
     496  0.005890241520687
     497  0.005890241504632
     498  0.005890241467741
     499  0.005890241361469
     500  0.005890241341398
     501  0.005890236654051
     502  0.005890236638351
     503  0.005890236611881
     504  0.005890236589262
     505  0.005890236555269
     506  0.005890236539300
     507  0.005890226548910
     508  0.005890226535207
     509  0.005890226484031
     510  0.005890226441850
     511  0.005890226420787
     512  0.005890226310621
     513  0.005890226297069
     514  0.005890225964719
     515  0.005890225948622
     516  0.005890225914682
     517  0.005890225887038
     518  0.005890225818021
     519  0.005890225803143
     520  0.005890224945794
     521  0.005890224930656
     522  0.005890224904732
     523  0.005890224809573
     524  0.005890224795568
     525  0.005890224090335
     526  0.005890224073256
     527  0.005890224057589
     528  0.005890223891764
     529  0.005890223878327
     530  0.005890223824632
     531  0.005890223761297
     532  0.005890223740934
     533  0.005890199795026
     534  0.005890199785199
     535  0.005890199760154
     536  0.005890199746946
     537  0.005890199718342
     538  0.005890199704047
     539  0.005890199535051
     540  0.005890199524516
     541  0.005890199430317
     542  0.005890199419671
     543  0.005890199381318
     544  0.005890199363248
     545  0.005890199146260
     546  0.005890199136411
     547  0.005890199109085
     548  0.005890199088787
     549  0.005890198101414
     550  0.005890198091401
     551  0.005890198078796
     552  0.005890197990799
     553  0.005890197979715
     554  0.005890197784551
     555  0.005890197774712
     556  0.005890197759146
     557  0.005890157867659
     558  0.005890157862879
     559  0.005890157854123
     560  0.005890157848522
     561  0.005890157830868
     562  0.005890157826628
     563  0.005890157801364
     564  0.005890157788730
     565  0.005890157781990
     566  0.005890157653474
     567  0.005890157649253
     568  0.005890157641225
     569  0.005890157611981
     570  0.005890157606777
     571  0.005890157326269
     572  0.005890157321801
     573  0.005890157312731
     574  0.005890157306567
     575  0.005890157261060
     576  0.005890157256908
     577  0.005890156728168
     578  0.005890156721187
     579  0.005890156710611
     580  0.005890156705841
     581  0.005890156689747
     582  0.005890156685510
     583  0.005890155506569
     584  0.005890155501580
     585  0.005890155486607
     586  0.005890155482596
     587  0.005890155451549
     588  0.005890155444768
     589  0.005890155430873
     590  0.005890155426391
     591  0.005890155323862
     592  0.005890155319956
     593  0.005890155297608
     594  0.005890155291886
     595  0.005890155080375
     596  0.005890155075627
     597  0.005890155065082
     598  0.005890155059715
     599  0.005890154998952
     600  0.005890154994799
     601  0.005890151771360
     602  0.005890151767550
     603  0.005890151759191
     604  0.005890151753949
     605  0.005890151745542
     606  0.005890151742006
     607  0.005890151720477
     608  0.005890151703348
     609  0.005890151699238
     610  0.005890151647774
     611  0.005890151644278
     612  0.005890151632737
     613  0.005890151520748
     614  0.005890151516094
     615  0.005890151510035
     616  0.005890151506284
     617  0.005891171108112
     617  0.005890151877690
     617  0.005890151504322
     618  0.005890151502231
     619  0.005890151497739
     620  0.005890151491219
     621  0.005890151488610
     622  0.005890151471355
     623  0.005890151469316
     624  0.005890151458698
     625  0.005890151454953
     626  0.005890151431940
     627  0.005890151429602
     628  0.005890151425495
     629  0.005890151347331
     630  0.005890151345194
     631  0.005890151341993
     632  0.005890151323579
     633  0.005890151321442
     634  0.005890151227982
     635  0.005890151225501
     636  0.005890151220904
     637  0.005890151218816
     638  0.005890151185999
     639  0.005890151182040
     640  0.005890151178846
     641  0.005890151170148
     642  0.005890151168124
     643  0.005890150329486
     644  0.005890150326816
     645  0.005890150320915
     646  0.005890150318701
     647  0.005890150306108
     648  0.005890150303752
     649  0.005890150246897
     650  0.005890150244946
     651  0.005890150238276
     652  0.005890150229263
     653  0.005890150226396
     654  0.005890149999835
     655  0.005890149997697
     656  0.005890149994275
     657  0.005890149990631
     658  0.005890149987904
     659  0.005890149963233
     660  0.005890149961272
     661  0.005890149595102
     662  0.005890149590027
     663  0.005890149588001
     664  0.005890149578115
     665  0.005890149575722
     666  0.005890149568731
     667  0.005890149566775
     668  0.005890148884985
     669  0.005890148882406
     670  0.005890148877187
     671  0.005890148875215
     672  0.005890148856486
     673  0.005890148854266
     674  0.005890148840960
     675  0.005890148839099
     676  0.005890148800887
     677  0.005890148797253
     678  0.005890148794138
     679  0.005890148766923
     680  0.005890148764865
     681  0.005890148759191
     682  0.005890148756720
     683  0.005890148295974
     684  0.005890148294156
     685  0.005890148289648
     686  0.005890148279734
     687  0.005890148277384
     688  0.005890148258205
     689  0.005890148256321
     690  0.005890148250169
     691  0.005890148246275
     692  0.005890148152875
     693  0.005890148151038
     694  0.005890148148217
     695  0.005890147991151
     696  0.005890147989095
     697  0.005890147986357
     698  0.005890147980445
     699  0.005890147978598
     700  0.005890145145037
     701  0.005890145143056
     702  0.005890145136674
     703  0.005890145135063
     704  0.005890145124945
     705  0.005890145122061
     706  0.005890145118688
     707  0.005890145116385
     708  0.005890145082007
     709  0.005890145080417
     710  0.005890145071411
     711  0.005890145069636
     712  0.005890145030052
     713  0.005890145028010
     714  0.005890145023772
     715  0.005890145021254
     716  0.005890145008540
     717  0.005890145006831
     718  0.005890142845092
     719  0.005890142843656
     720  0.005890142840331
     721  0.005890142837709
     722  0.005890142831311
     723  0.005890142829623
     724  0.005890142786452
     725  0.005890142784883
     726  0.005890142774293
     727  0.005890142772563
     728  0.005890142768440
     729  0.005890142766402
     730  0.005890142714162
     731  0.005890142712730
     732  0.005890142700275
     733  0.005890142698151
     734  0.005890142695409
     735  0.005890142693723
     736  0.005890142507222
     737  0.005890142505778
     738  0.005890142499315
     739  0.005890142496427
     740  0.005890142494899
     741  0.005890142426197
     742  0.005890142424723
     743  0.005890142416286
     744  0.005890142413076
     745  0.005890142411243
     746  0.005890142393369
     747  0.005890142391966
     748  0.005890138842158
     749  0.005890138840197
     750  0.005890138836830
     751  0.005890138835534
     752  0.005890138831188
     753  0.005890138829658
     754  0.005890138816349
     755  0.005890138815175
     756  0.005890138809664
     757  0.005890138807736
     758  0.005890138786055
     759  0.005890138784849
     760  0.005890138781722
     761  0.005890138778784
     762  0.005890138777338
     763  0.005890138686069
     764  0.005890138684923
     765  0.005890138677148
     766  0.005890138675577
     767  0.005890138663743
     768  0.005890138662423
     769  0.005890138656172
     770  0.005890138654313
     771  0.005890138650771
     772  0.005890138649555
     773  0.005890123996668
     774  0.005890123989232
     775  0.005890123973224
     776  0.005890123867052
     777  0.005890123860266
     778  0.005890123850116
     779  0.005890123825139
     780  0.005890123819525
     781  0.005890123548516
     782  0.005890123545196
     783  0.005890123540655
     784  0.005890123534162
     785  0.005890123531421
     786  0.005890123454628
     787  0.005890123452540
     788  0.005890123426186
     789  0.005890123423348
     790  0.005890123416917
     791  0.005890123414925
     792  0.005890123213476
     793  0.005890123212922
     794  0.005890123211734
     795  0.005890123208981
     796  0.005890123208211
     797  0.005890123197830
     798  0.005890123197201
     799  0.005890123195631
     800  0.005890123195098
     801  0.005890123075958
     802  0.005890123075637
     803  0.005890123074928
     804  0.005890123072658
     805  0.005890123072283
     806  0.005890123071740
     807  0.005890123071325
     808  0.005890123067854
     809  0.005890123067555
     810  0.005890123054468
     811  0.005890123053730
     812  0.005890123053182
     813  0.005890123052757
     814  0.005890123050434
     815  0.005890123050126
     816  0.005890123024118
     817  0.005890123023837
     818  0.005890123022766
     819  0.005890123022423
     820  0.005890123016219
     821  0.005890123015899
     822  0.005890123015008
     823  0.005890123014455
     824  0.005890123014125
     825  0.005890122864964
     826  0.005890122864700
     827  0.005890122863431
     828  0.005890122863006
     829  0.005890122861886
     830  0.005890122861599
     831  0.005890122859007
     832  0.005890122858704
     833  0.005890122856880
     834  0.005890122856593
     835  0.005890122852182
     836  0.005890122851823
     837  0.005890122851295
     838  0.005890122851033
     839  0.005890122210817
     840  0.005890122209396
     841  0.005890122208847
     842  0.005890122207016
     843  0.005890122206261
     844  0.005890122194857
     845  0.005890122194457
     846  0.005890122193467
     847  0.005890122191203
     848  0.005890122190700
     849  0.005890122176002
     850  0.005890122175696
     851  0.005890122175110
     852  0.005890122173926
     853  0.005890122173547
     854  0.005890122164508
     855  0.005890122164253
     856  0.005890122163529
     857  0.005890122162961
     858  0.005890122160745
     859  0.005890122160465
     860  0.005890122142911
     861  0.005890122142633
     862  0.005890122142414
     863  0.005890122142027
     864  0.005890122103245
     865  0.005890122103062
     866  0.005890122102770
     867  0.005890122101404
     868  0.005890122101144
     869  0.005890122100601
     870  0.005890122100418
     871  0.005890122081624
     872  0.005890122081255
     873  0.005890122080983
     874  0.005890122079484
     875  0.005890122079294
     876  0.005890122077140
     877  0.005890122076955
     878  0.005890122075983
     879  0.005890122075762
     880  0.005890121977799
     881  0.005890121977630
     882  0.005890121977234
     883  0.005890121976931
     884  0.005890121976333
     885  0.005890121976134
     886  0.005890121973295
     887  0.005890121973109
     888  0.005890121971271
     889  0.005890121971032
     890  0.005890121970505
     891  0.005890121970333
     892  0.005890121038125
     893  0.005890121037823
     894  0.005890121037217
     895  0.005890121036970
     896  0.005890121035567
     897  0.005890121035257
     898  0.005890121034385
     899  0.005890121034187
     900  0.005890121029254
     901  0.005890121029000
     902  0.005890121028821
     903  0.005890121026487
     904  0.005890121026353
     905  0.005890121025636
     906  0.005890121025361
     907  0.005890121024939
     908  0.005890121024800
     909  0.005890121017554
     910  0.005890121017463
     911  0.005890121017290
     912  0.005890121015916
     913  0.005890121015801
     914  0.005890121015591
     915  0.005890121015463
     916  0.005890121003542
     917  0.005890121003470
     918  0.005890121003232
     919  0.005890121003154
     920  0.005890121002223
     921  0.005890121002143
     922  0.005890121001797
     923  0.005890121001703
     924  0.005890120999871
     925  0.005890120999802
     926  0.005890120999601
     927  0.005890120999464
     928  0.005890120951198
     929  0.005890120951128
     930  0.005890120951013
     931  0.005890120950714
     932  0.005890120950641
     933  0.005890120950017
     934  0.005890120949933
     935  0.005890120949655
     936  0.005890120949585
     937  0.005890120945917
     938  0.005890120945815
     939  0.005890120945753
     940  0.005890120945200
     941  0.005890120945085
     942  0.005890120942141
     943  0.005890120942067
     944  0.005890120941929
     945  0.005890120941846
     946  0.005890120941407
     947  0.005890120941344
     948  0.005890499726390
     948  0.005890120987352
     948  0.005890120941310
     949  0.005890120941246
     950  0.005890120941185
     951  0.005890120941093
     952  0.005890120941056
     953  0.005890120940812
     954  0.005890120940759
     955  0.005890120940067
     956  0.005890120940030
     957  0.005890120939902
     958  0.005890120939857
     959  0.005890120938427
     960  0.005890120938385
     961  0.005890120938282
     962  0.005890120938206
     963  0.005890120938167
     964  0.005890120933909
     965  0.005890120933847
     966  0.005890120933753
     967  0.005890120933720
     968  0.005890120933501
     969  0.005890120933150
     970  0.005890120933109
     971  0.005890120932831
     972  0.005890120932793
     973  0.005890120931106
     974  0.005890120931063
     975  0.005890120931010
     976  0.005890120930879
     977  0.005890120930842
     978  0.005890120915896
     979  0.005890120915828
     980  0.005890120915749
     981  0.005890120915710
     982  0.005890120915539
     983  0.005890120915504
     984  0.005890120914786
     985  0.005890120914740
     986  0.005890120914586
     987  0.005890120914554
     988  0.005890120911982
     989  0.005890120911930
     990  0.005890120911861
     991  0.005890120911823
     992  0.005890120911361
     993  0.005890120911329
     994  0.005890120911189
     995  0.005890120910858
     996  0.005890120910813
     997  0.005890120910713
     998  0.005890120910673
     999  0.005890120879517
    1000  0.005890120879484
      Mw data_misfit cost_function mdl_roughness
  8.9004    0.045481  0.589012E-02  0.102148E-01
     1. rmsres/max/min:    0.0456   0.1504  -0.4614
     2. rmsres/max/min:    0.0502   0.5045  -0.1177
     3. rmsres/max/min:    0.0475   0.5058  -0.4770
  data-correction parameter  1 found:   0.172366E-01
  data-correction parameter  2 found:  -0.918959E-01
  data-correction parameter  3 found:   0.498888E-02
  seg  mean_slp mean_rake   max_slp      rake   pos_lat   pos_lon     pos_z
    1      7.61     77.57     54.38     78.31     38.09    143.64      2.42
 ==================================
 Derived moment magnitude Mw =   8.9004 -   8.9012 (  8.9004)
 Ave/Std/Max stress change [MPa]: 
   1      2.1914      3.1213      8.9547
 Data-model correlation:   1.0000
