       latitude      longitude observation     resiual  prediction  correction
       34.29293      136.00264    -0.00630     0.00052    -0.00682     0.00499
       35.08572      136.04120     0.02390     0.02553    -0.00163     0.00499
       34.71065      136.04189    -0.00210     0.00237    -0.00447     0.00499
       36.10973      136.04895     0.01130     0.00285     0.00845     0.00499
       34.56703      136.05039     0.00510     0.01056    -0.00546     0.00499
       35.46629      136.05367    -0.03930    -0.04100     0.00170     0.00499
       34.86933      136.05483    -0.00940    -0.00600    -0.00340     0.00499
       35.83684      136.05598     0.01130     0.00586     0.00544     0.00499
       35.31897      136.06283     0.01430     0.01401     0.00029     0.00499
       35.60256      136.10581    -0.01800    -0.02084     0.00284     0.00499
       34.98638      136.14504     0.00710     0.01005    -0.00295     0.00499
       35.09473      136.15823    -0.01630    -0.01418    -0.00212     0.00499
       36.23117      136.17297    -0.02600    -0.03564     0.00964     0.00499
       34.49387      136.17315    -0.00130     0.00530    -0.00660     0.00499
       34.74287      136.18345     0.03180     0.03680    -0.00500     0.00499
       35.96889      136.18499    -0.01630    -0.02284     0.00654     0.00499
       35.79278      136.19739    -0.02670    -0.03123     0.00453     0.00499
       35.55733      136.19795    -0.02300    -0.02502     0.00202     0.00499
       34.06066      136.19836     0.02150     0.03059    -0.00909     0.00499
       35.26944      136.23561     0.01320     0.01416    -0.00096     0.00499
       35.42036      136.26475    -0.00420    -0.00455     0.00035     0.00499
       36.14562      136.27894    -0.01430    -0.02270     0.00840     0.00499
       34.93073      136.29557    -0.01440    -0.01019    -0.00421     0.00499
       34.64875      136.32976    -0.01290    -0.00639    -0.00651     0.00499
       34.43314      136.33426    -0.01900    -0.01106    -0.00794     0.00499
       35.88822      136.33958     0.00560     0.00047     0.00513     0.00499
       34.20816      136.34293     0.02280     0.03205    -0.00925     0.00499
       36.22956      136.36165    -0.02530    -0.03458     0.00928     0.00499
       34.29793      136.38849    -0.02030    -0.01124    -0.00906     0.00499
       36.39446      136.38894    -0.01540    -0.02678     0.01138     0.00499
       34.85490      136.39326    -0.01040    -0.00501    -0.00539     0.00499
       34.60333      136.43194     0.01330     0.02077    -0.00747     0.00499
       35.35973      136.47031    -0.02950    -0.02820    -0.00130     0.00499
       34.42033      136.47446    -0.00340     0.00552    -0.00892     0.00499
       35.63615      136.48877     0.05130     0.04971     0.00159     0.00499
       34.75900      136.50229    -0.03040    -0.02359    -0.00681     0.00499
       35.10476      136.50376    -0.00800    -0.00405    -0.00395     0.00499
       35.98491      136.50492     0.02310     0.01736     0.00574     0.00499
       34.28507      136.54048     0.03430     0.04444    -0.01014     0.00499
       36.53727      136.54067     0.01590     0.00275     0.01315     0.00499
       35.48006      136.54529     0.02050     0.02095    -0.00045     0.00499
       35.37171      136.54974     0.00080     0.00243    -0.00163     0.00499
       34.54705      136.55066     0.01600     0.02463    -0.00863     0.00499
       35.22791      136.59344    -0.01940    -0.01605    -0.00335     0.00499
       36.37007      136.60533     0.00520    -0.00547     0.01067     0.00499
       35.63290      136.61139     0.01150     0.01057     0.00093     0.00499
       34.43144      136.62840    -0.03200    -0.02209    -0.00991     0.00499
       36.16529      136.63395    -0.01150    -0.01920     0.00770     0.00499
       34.91380      136.63650    -0.01020    -0.00371    -0.00649     0.00499
       36.66341      136.64994    -0.00680    -0.02171     0.01491     0.00499
       35.90141      136.65774    -0.01980    -0.02384     0.00404     0.00499
       35.48832      136.68728     0.01320     0.01437    -0.00117     0.00499
       34.29661      136.69319     0.02450     0.03567    -0.01117     0.00499
       35.05091      136.69425     0.00060     0.00630    -0.00570     0.00499
       37.15674      136.71876    -0.01490    -0.03733     0.02243     0.00499
       34.49000      136.72823    -0.00830     0.00198    -0.01028     0.00499
       35.40513      136.72875     0.00540     0.00776    -0.00236     0.00499
       36.81748      136.75565    -0.00630    -0.02355     0.01725     0.00499
       37.00072      136.77271     0.01330    -0.00683     0.02013     0.00499
       35.72349      136.78462    -0.00860    -0.00969     0.00109     0.00499
       35.30084      136.78882    -0.00200     0.00189    -0.00389     0.00499
       34.37358      136.80200     0.03530     0.04686    -0.01156     0.00499
       36.59209      136.80640    -0.00260    -0.01626     0.01366     0.00499
       34.25344      136.82061    -0.00550     0.00687    -0.01237     0.00499
       35.19011      136.82883     0.00240     0.00772    -0.00532     0.00499
       34.90438      136.83188    -0.00580     0.00221    -0.00801     0.00499
       34.46539      136.85113    -0.01660    -0.00521    -0.01139     0.00499
       34.98439      136.86275    -0.00230     0.00525    -0.00755     0.00499
       35.86694      136.86318    -0.03590    -0.03845     0.00255     0.00499
       34.82336      136.86764     0.01240     0.02136    -0.00896     0.00499
       37.38238      136.88917    -0.01060    -0.03700     0.02640     0.00499
       35.52607      136.90002     0.00630     0.00840    -0.00210     0.00499
       36.26147      136.90427     0.01680     0.00862     0.00818     0.00499
       37.22644      136.90877     0.01440    -0.00960     0.02400     0.00499
       37.85050      136.91927     0.01930    -0.01397     0.03327     0.00499
       36.40188      136.92056     0.01670     0.00634     0.01036     0.00499
       35.33476      136.92998    -0.02220    -0.01766    -0.00454     0.00499
       34.74005      136.93848     0.01190     0.02210    -0.01020     0.00499
       36.03305      136.95276     0.00560     0.00114     0.00446     0.00499
       35.16842      136.96580    -0.01600    -0.00940    -0.00660     0.00499
       35.75778      136.97530    -0.00040    -0.00078     0.00038     0.00499
       34.54391      136.98175     0.04120     0.05317    -0.01197     0.00499
       37.12316      136.99607     0.00770    -0.01478     0.02248     0.00499
       36.74062      136.99613    -0.01160    -0.02748     0.01588     0.00499
       36.91951      137.02643    -0.02380    -0.04278     0.01898     0.00499
       36.64956      137.03190    -0.01210    -0.02635     0.01425     0.00499
       37.43226      137.03394     0.01280    -0.01496     0.02776     0.00499
       35.12811      137.04128    -0.01910    -0.01147    -0.00763     0.00499
       34.99499      137.05978    -0.00450     0.00458    -0.00908     0.00499
       34.60924      137.06807     0.00020     0.01247    -0.01227     0.00499
       35.23909      137.07357    -0.02680    -0.02005    -0.00675     0.00499
       36.14026      137.08053    -0.03640    -0.04186     0.00546     0.00499
       35.36737      137.11023    -0.02160    -0.01599    -0.00561     0.00499
       34.79487      137.11900    -0.00990     0.00144    -0.01134     0.00499
       35.47870      137.12469     0.00610     0.01048    -0.00438     0.00499
       37.30697      137.13854     0.04850     0.02249     0.02601     0.00499
       36.33551      137.14717     0.01600     0.00760     0.00840     0.00499
       34.91734      137.15239    -0.01020     0.00041    -0.01061     0.00499
       36.75795      137.15447     0.00700    -0.00899     0.01599     0.00499
       35.61209      137.17414     0.01830     0.02136    -0.00306     0.00499
       36.63434      137.19520     0.00130    -0.01231     0.01361     0.00499
       35.91163      137.20067    -0.00520    -0.00629     0.00109     0.00499
       36.47280      137.23922    -0.02120    -0.03167     0.01047     0.00499
       35.80048      137.24837    -0.00270    -0.00173    -0.00097     0.00499
       35.30055      137.25232    -0.00300     0.00465    -0.00765     0.00499
       35.13875      137.25356    -0.01110    -0.00166    -0.00944     0.00499
       37.44603      137.27005     0.00420    -0.02474     0.02894     0.00499
       34.64866      137.27784    -0.00290     0.01107    -0.01397     0.00499
       34.91975      137.29994    -0.02310    -0.01108    -0.01202     0.00499
       35.52313      137.30909     0.00120     0.00662    -0.00542     0.00499
       35.03946      137.31316     0.01850     0.02953    -0.01103     0.00499
       34.78591      137.33877    -0.00270     0.01085    -0.01355     0.00499
       36.13599      137.34791    -0.01700    -0.02077     0.00377     0.00499
       36.28564      137.36302    -0.00270    -0.00908     0.00638     0.00499
       36.73696      137.36951     0.00010    -0.01504     0.01514     0.00499
       35.26197      137.40561    -0.02500    -0.01538    -0.00962     0.00499
       34.96748      137.42313    -0.00710     0.00577    -0.01287     0.00499
       35.65719      137.42477    -0.01560    -0.01096    -0.00464     0.00499
       34.86482      137.43400     0.00400     0.01790    -0.01390     0.00499
       36.57871      137.43990     0.00420    -0.00748     0.01168     0.00499
       34.68038      137.44245     0.01770     0.03314    -0.01544     0.00499
       35.81555      137.45088    -0.01380    -0.01134    -0.00246     0.00499
       35.39676      137.46757     0.00830     0.01694    -0.00864     0.00499
       36.92896      137.48723     0.01870    -0.00019     0.01889     0.00499
       34.71805      137.51493    -0.02240    -0.00643    -0.01597     0.00499
       35.57509      137.52878    -0.04560    -0.03872    -0.00688     0.00499
       35.97346      137.53487     0.00450     0.00509    -0.00059     0.00499
       36.86434      137.55133     0.01390    -0.00346     0.01736     0.00499
       34.80873      137.55434     0.00290     0.01861    -0.01571     0.00499
       35.10002      137.57533    -0.02700    -0.01373    -0.01327     0.00499
       34.93768      137.57549     0.01850     0.03335    -0.01485     0.00499
       35.24700      137.58767    -0.00180     0.01000    -0.01180     0.00499
       35.88000      137.59827    -0.00520    -0.00238    -0.00282     0.00499
       35.66123      137.62016     0.01090     0.01751    -0.00661     0.00499
       34.70212      137.63688     0.04780     0.06529    -0.01749     0.00499
       34.83533      137.67234     0.01650     0.03340    -0.01690     0.00499
       35.34373      137.67640     0.00220     0.01390    -0.01170     0.00499
       34.75204      137.68078     0.01300     0.03066    -0.01766     0.00499
       36.08466      137.68263    -0.00750    -0.00755     0.00005     0.00499
       35.07929      137.69524     0.01610     0.03104    -0.01494     0.00499
       35.78362      137.69626     0.00820     0.01371    -0.00551     0.00499
       34.67231      137.72338    -0.00250     0.01626    -0.01876     0.00499
       35.94460      137.78544    -0.00340     0.00029    -0.00369     0.00499
       34.79284      137.79179     0.04210     0.06085    -0.01875     0.00499
       35.77753      137.81448     0.04250     0.04952    -0.00702     0.00499
       35.52109      137.81524    -0.01630    -0.00523    -0.01107     0.00499
       34.94134      137.81794     0.00910     0.02696    -0.01786     0.00499
       34.67188      137.82342     0.04110     0.06113    -0.02003     0.00499
       36.49977      137.85112    -0.00500    -0.01238     0.00738     0.00499
       35.16045      137.86876    -0.00730     0.00909    -0.01639     0.00499
       36.22837      137.87175     0.02560     0.02456     0.00104     0.00499
       36.70647      137.87233     0.00940    -0.00283     0.01223     0.00499
       37.04517      137.87385     0.01740    -0.00341     0.02081     0.00499
       36.95087      137.89387     0.02410     0.00578     0.01832     0.00499
       36.32237      137.90282     0.02450     0.02171     0.00279     0.00499
       34.75539      137.91128    -0.01490     0.00573    -0.02063     0.00499
       35.31714      137.92527     0.00170     0.01705    -0.01535     0.00499
       34.84386      137.93215    -0.00380     0.01645    -0.02025     0.00499
       34.67042      137.93744    -0.00730     0.01427    -0.02157     0.00499
       35.92358      137.94381    -0.01470    -0.00865    -0.00605     0.00499
       34.90205      137.94681     0.02220     0.04219    -0.01999     0.00499
       35.03152      137.98042     0.01430     0.03362    -0.01932     0.00499
       36.12111      137.98301    -0.03260    -0.03003    -0.00257     0.00499
       35.72629      137.98389     0.01300     0.02318    -0.01018     0.00499
       36.23903      137.98455     0.01360     0.01361    -0.00001     0.00499
       34.78595      138.01753    -0.02030     0.00162    -0.02192     0.00499
       35.55613      138.03832     0.00830     0.02204    -0.01374     0.00499
       34.66641      138.04652     0.00330     0.02643    -0.02313     0.00499
       34.71525      138.05354    -0.02220     0.00073    -0.02293     0.00499
       34.93980      138.07486     0.00000     0.02157    -0.02157     0.00499
       35.04488      138.08168    -0.00530     0.01543    -0.02073     0.00499
       35.87842      138.09571     0.01490     0.02399    -0.00909     0.00499
       36.70665      138.09673    -0.01220    -0.02268     0.01048     0.00499
       34.67992      138.09829     0.01640     0.04021    -0.02381     0.00499
       37.16079      138.10019     0.00060    -0.02264     0.02324     0.00499
       36.52360      138.12095    -0.01320    -0.01852     0.00532     0.00499
       34.64290      138.12929    -0.00340     0.02109    -0.02449     0.00499
       35.10391      138.13490    -0.02480    -0.00380    -0.02100     0.00499
       34.75776      138.13692     0.00000     0.02390    -0.02390     0.00499
       34.63454      138.15904     0.01870     0.04369    -0.02499     0.00499
       34.84941      138.17674    -0.05260    -0.02871    -0.02389     0.00499
       34.67775      138.18296    -0.00330     0.02181    -0.02511     0.00499
       35.32207      138.18578    -0.02720    -0.00781    -0.01939     0.00499
       36.86540      138.19867    -0.01580    -0.02987     0.01407     0.00499
       35.06697      138.20998     0.00040     0.02301    -0.02261     0.00499
       36.02616      138.21448     0.01630     0.02427    -0.00797     0.00499
       34.60315      138.21525     0.01690     0.04291    -0.02601     0.00499
       36.20847      138.21649    -0.00030     0.00357    -0.00387     0.00499
       34.73831      138.22560    -0.01050     0.01492    -0.02542     0.00499
       37.05668      138.24259     0.00460    -0.01487     0.01947     0.00499
       36.66515      138.24747     0.01160     0.00386     0.00774     0.00499
       34.95435      138.24990     0.00430     0.02858    -0.02428     0.00499
       35.20098      138.25351     0.04220     0.06419    -0.02199     0.00499
       37.81590      138.27307     0.03100    -0.01065     0.04165     0.00499
       35.85598      138.31640     0.00620     0.01944    -0.01324     0.00499
       36.38618      138.32252     0.02220     0.02325    -0.00105     0.00499
       34.83617      138.33122     0.01200     0.03855    -0.02655     0.00499
       37.23112      138.33357     0.04900     0.02461     0.02439     0.00499
       36.13311      138.36204     0.01880     0.02690    -0.00810     0.00499
       36.26099      138.36604    -0.01060    -0.00556    -0.00504     0.00499
       35.10346      138.36870    -0.01620     0.00887    -0.02507     0.00499
       38.02369      138.36988     0.02690    -0.02052     0.04742     0.00499
       34.99052      138.37830     0.02170     0.04794    -0.02624     0.00499
       36.80171      138.43617     0.03600     0.02648     0.00952     0.00499
       35.90493      138.44421     0.01000     0.02475    -0.01475     0.00499
       35.44358      138.44525     0.00190     0.02454    -0.02264     0.00499
       35.28946      138.44570    -0.01520     0.00940    -0.02460     0.00499
       35.67369      138.45682    -0.01770     0.00165    -0.01935     0.00499
       37.10708      138.45736    -0.03350    -0.05292     0.01942     0.00499
       36.13064      138.46097    -0.01490    -0.00485    -0.01005     0.00499
       38.06328      138.47168     0.06590     0.01679     0.04911     0.00499
       36.28471      138.49928    -0.02470    -0.01778    -0.00692     0.00499
       38.31935      138.51309     0.03510    -0.01995     0.05505     0.00499
       34.98650      138.51568     0.00900     0.03788    -0.02888     0.00499
       37.34854      138.51637     0.01810    -0.00919     0.02729     0.00499
       35.06741      138.52471    -0.00760     0.02081    -0.02841     0.00499
       36.50800      138.55271     0.03280     0.03443    -0.00163     0.00499
       35.36208      138.56343    -0.01560     0.01060    -0.02620     0.00499
       37.39768      138.57440     0.01440    -0.01427     0.02867     0.00499
       35.97415      138.58303    -0.00440     0.01189    -0.01629     0.00499
       35.59034      138.58330    -0.01990     0.00357    -0.02347     0.00499
       36.61632      138.59145    -0.00350    -0.00450     0.00100     0.00499
       35.46769      138.60687     0.02950     0.05530    -0.02580     0.00499
       37.07913      138.60872     0.01810     0.00133     0.01677     0.00499
       35.11715      138.60997    -0.01230     0.01745    -0.02975     0.00499
       35.20318      138.61699     0.04560     0.07471    -0.02911     0.00499
       36.85669      138.62425     0.01530     0.00677     0.00853     0.00499
       37.21211      138.63460     0.02320     0.00182     0.02138     0.00499
       36.34601      138.63780     0.00590     0.01410    -0.00820     0.00499
       35.64952      138.69038     0.00930     0.03438    -0.02508     0.00499
       35.74687      138.69513     0.01460     0.03813    -0.02353     0.00499
       37.53583      138.70694     0.01510    -0.01783     0.03293     0.00499
       35.17359      138.72154     0.01310     0.04483    -0.03173     0.00499
       35.36077      138.72730    -0.01570     0.01427    -0.02997     0.00499
       34.69025      138.76279    -0.02930     0.00604    -0.03534     0.00499
       35.30554      138.77067    -0.00910     0.02253    -0.03163     0.00499
       34.85503      138.77652    -0.01230     0.02274    -0.03504     0.00499
       37.49866      138.77954     0.03280     0.00182     0.03098     0.00499
       37.66752      138.78051     0.01380    -0.02367     0.03747     0.00499
       34.77607      138.78606    -0.01760     0.01795    -0.03555     0.00499
       37.31131      138.78998     0.03200     0.00862     0.02338     0.00499
       34.97057      138.79466     0.00610     0.04096    -0.03486     0.00499
       35.49659      138.81404    -0.02400     0.00650    -0.03050     0.00499
       36.99346      138.83084     0.04590     0.03612     0.00978     0.00499
       34.61000      138.83842     0.00920     0.04623    -0.03703     0.00499
       36.59138      138.84789     0.02590     0.03165    -0.00575     0.00499
       36.25903      138.86541    -0.01180     0.00482    -0.01662     0.00499
       34.71947      138.87647    -0.00070     0.03692    -0.03762     0.00499
       37.77699      138.88044     0.03080    -0.01037     0.04117     0.00499
       35.32160      138.88165    -0.02100     0.01329    -0.03429     0.00499
       35.11002      138.90186     0.01690     0.05344    -0.03654     0.00499
       36.69703      138.90626    -0.01380    -0.01020    -0.00360     0.00499
       35.04724      138.90689    -0.03360     0.00345    -0.03705     0.00499
       36.14275      138.91242     0.00180     0.02295    -0.02115     0.00499
       37.58974      138.92028     0.01640    -0.01698     0.03338     0.00499
       34.86559      138.92225    -0.03420     0.00404    -0.03824     0.00499
       34.91611      138.92482    -0.04000    -0.00189    -0.03811     0.00499
       35.92993      138.92605     0.00080     0.02727    -0.02647     0.00499
       35.20439      138.92835    -0.05790    -0.02136    -0.03654     0.00499
       37.16604      138.93372    -0.02440    -0.03922     0.01482     0.00499
       34.69890      138.93933     0.01190     0.05091    -0.03901     0.00499
       36.77806      138.94482    -0.00580    -0.00417    -0.00163     0.00499
       35.75387      138.94999    -0.00940     0.02112    -0.03052     0.00499
       35.11417      138.97387    -0.03420     0.00414    -0.03834     0.00499
       35.62335      138.97585    -0.00880     0.02454    -0.03334     0.00499
       37.89647      138.98886     0.01350    -0.03177     0.04527     0.00499
       34.75135      138.98982    -0.02010     0.01996    -0.04006     0.00499
       35.01483      138.99793     0.01560     0.05508    -0.03948     0.00499
       37.46772      138.99801     0.02420    -0.00286     0.02706     0.00499
       34.92182      139.01369     0.00540     0.04562    -0.04022     0.00499
       36.39535      139.01671     0.02220     0.03971    -0.01751     0.00499
       37.31987      139.02025     0.01250    -0.00739     0.01989     0.00499
       35.51187      139.02578     0.00240     0.03871    -0.03631     0.00499
       35.41535      139.04518     0.00670     0.04464    -0.03794     0.00499
       35.24552      139.04934    -0.04870    -0.00919    -0.03951     0.00499
       36.53926      139.05673    -0.03920    -0.02501    -0.01419     0.00499
       37.66230      139.05912     0.01270    -0.02223     0.03493     0.00499
       36.83735      139.06085    -0.02020    -0.01734    -0.00286     0.00499
       36.23467      139.06664     0.00860     0.03262    -0.02402     0.00499
       34.94976      139.06990    -0.00250     0.03904    -0.04154     0.00499
       37.75206      139.07391     0.03620    -0.00253     0.03873     0.00499
       35.98689      139.07569    -0.00490     0.02540    -0.03030     0.00499
       35.00685      139.08197     0.03560     0.07727    -0.04167     0.00499
       34.97186      139.10169    -0.00980     0.03249    -0.04229     0.00499
       35.14860      139.11044    -0.01990     0.02193    -0.04183     0.00499
       37.54034      139.11145    -0.02870    -0.05716     0.02846     0.00499
       34.87847      139.12436    -0.00410     0.03898    -0.04308     0.00499
       34.93931      139.13116     0.02050     0.06364    -0.04314     0.00499
       34.20048      139.13445     0.01000     0.05215    -0.04215     0.00499
       34.23991      139.13757    -0.01140     0.03097    -0.04237     0.00499
       35.26860      139.14241    -0.03450     0.00756    -0.04206     0.00499
       35.61027      139.15723    -0.04260    -0.00320    -0.03940     0.00499
       35.33621      139.16260     0.01020     0.05241    -0.04221     0.00499
       35.04063      139.17103    -0.01050     0.03345    -0.04395     0.00499
       35.88405      139.18220    -0.02420     0.01208    -0.03628     0.00499
       35.42852      139.20487    -0.02160     0.02126    -0.04286     0.00499
       34.33312      139.21094     0.02540     0.06957    -0.04417     0.00499
       36.76969      139.22490    -0.02750    -0.01541    -0.01209     0.00499
       37.82816      139.22604     0.02370    -0.01653     0.04023     0.00499
       37.15762      139.24711     0.00200    -0.00335     0.00535     0.00499
       38.46539      139.25335     0.07390     0.01031     0.06359     0.00499
       36.26769      139.25464     0.02170     0.05266    -0.03096     0.00499
       34.37183      139.25791    -0.05240    -0.00711    -0.04529     0.00499
       35.30490      139.26269     0.01970     0.06530    -0.04560     0.00499
       35.72376      139.26813    -0.01910     0.02296    -0.04206     0.00499
       36.00374      139.26933    -0.05060    -0.01292    -0.03768     0.00499
       34.51963      139.27093    -0.01480     0.03137    -0.04617     0.00499
       35.48264      139.32258    -0.01630     0.03023    -0.04653     0.00499
       36.42163      139.33039    -0.00860     0.02165    -0.03025     0.00499
       36.12095      139.34517    -0.01080     0.02804    -0.03884     0.00499
       37.92938      139.35146     0.02370    -0.01931     0.04301     0.00499
       34.73761      139.35859    -0.01070     0.03827    -0.04897     0.00499
       37.30280      139.36435    -0.00160    -0.01006     0.00846     0.00499
       35.80080      139.36597    -0.02400     0.02114    -0.04514     0.00499
       35.39149      139.36606    -0.04300     0.00567    -0.04867     0.00499
       35.61643      139.36990    -0.01850     0.02876    -0.04726     0.00499
       34.78442      139.38139     0.01360     0.06330    -0.04970     0.00499
       37.03693      139.40223    -0.01190    -0.00381    -0.00809     0.00499
       34.68679      139.43322    -0.02130     0.02941    -0.05071     0.00499
       34.76154      139.43402    -0.00570     0.04533    -0.05103     0.00499
       42.06050      139.44615     0.01420     0.00428     0.00992     0.00499
       38.05618      139.46168    -0.00960    -0.05667     0.04707     0.00499
       35.92550      139.46429    -0.02780     0.02039    -0.04819     0.00499
       35.32668      139.46607    -0.00580     0.04673    -0.05253     0.00499
       35.52141      139.46784     0.00020     0.05208    -0.05188     0.00499
       37.68591      139.47789    -0.01020    -0.03664     0.02644     0.00499
       34.07578      139.47881    -0.05250    -0.00481    -0.04769     0.00499
       35.71037      139.48826    -0.03120     0.02036    -0.05156     0.00499
       36.62417      139.49059     0.01960     0.05245    -0.03285     0.00499
       37.28149      139.50377     0.04500     0.04468     0.00032     0.00499
       34.12107      139.50385     0.02500     0.07353    -0.04853     0.00499
       36.87225      139.50531    -0.01130     0.01163    -0.02293     0.00499
       38.23069      139.50957     0.00670    -0.04746     0.05416     0.00499
       42.15355      139.51960     0.02460     0.01666     0.00794     0.00499
       35.41927      139.52192    -0.00980     0.04463    -0.05443     0.00499
       37.47346      139.52863    -0.00650    -0.01756     0.01106     0.00499
       38.51120      139.53382     0.05750    -0.00653     0.06403     0.00499
       36.29516      139.54230    -0.02650     0.01991    -0.04641     0.00499
       34.05911      139.54715    -0.01490     0.03389    -0.04879     0.00499
       39.18556      139.54766     0.04660    -0.02539     0.07199     0.00499
       34.09376      139.56176     0.03160     0.08098    -0.04938     0.00499
       37.09725      139.58616    -0.03040    -0.01407    -0.01633     0.00499
       35.16087      139.61384    -0.01490     0.04292    -0.05782     0.00499
       36.66598      139.61925    -0.01610     0.02488    -0.04098     0.00499
       35.66370      139.63065    -0.13140    -0.07281    -0.05859     0.00499
       36.08723      139.63672    -0.04000     0.01629    -0.05629     0.00499
       35.75803      139.64454    -0.05180     0.00722    -0.05902     0.00499
       35.93747      139.65186    -0.02410     0.03447    -0.05857     0.00499
       35.43648      139.65375    -0.00760     0.05225    -0.05985     0.00499
       35.26709      139.66484    -0.02120     0.03880    -0.06000     0.00499
       35.56340      139.67335    -0.03860     0.02218    -0.06078     0.00499
       38.70117      139.67453     0.03140    -0.03626     0.06766     0.00499
       37.32621      139.68635    -0.03670    -0.02772    -0.00898     0.00499
       36.40185      139.72642    -0.03900     0.01962    -0.05862     0.00499
       38.14618      139.74225    -0.00130    -0.04494     0.04364     0.00499
       36.53763      139.75279    -0.02300     0.03487    -0.05787     0.00499
       39.96790      139.77615    -0.00170    -0.05861     0.05691     0.00499
       37.64370      139.79151    -0.01020    -0.01663     0.00643     0.00499
       35.89597      139.79599    -0.02890     0.03907    -0.06797     0.00499
       36.01090      139.79993    -0.05160     0.01681    -0.06841     0.00499
       36.97958      139.80575    -0.04370     0.00029    -0.04399     0.00499
       38.89460      139.80885     0.05790    -0.01176     0.06966     0.00499
       36.20367      139.81053    -0.03070     0.03823    -0.06893     0.00499
       35.78021      139.81281    -0.03830     0.03036    -0.06866     0.00499
       35.31170      139.82552    -0.07010    -0.00340    -0.06670     0.00499
       38.59404      139.83177     0.01440    -0.04722     0.06162     0.00499
       37.46129      139.83552    -0.04880    -0.03696    -0.01184     0.00499
       39.89113      139.84893     0.03400    -0.02467     0.05867     0.00499
       36.77637      139.85426    -0.02720     0.03373    -0.06093     0.00499
       42.45073      139.85767    -0.00750    -0.00836     0.00086     0.00499
       34.95408      139.86408    -0.00560     0.05963    -0.06523     0.00499
       37.26107      139.87143    -0.01930     0.01251    -0.03181     0.00499
       37.92058      139.87941     0.00510    -0.01593     0.02103     0.00499
       35.67546      139.90235    -0.02030     0.05302    -0.07332     0.00499
       36.45658      139.90251    -0.06000     0.01674    -0.07674     0.00499
       39.20606      139.90772     0.06550    -0.00492     0.07042     0.00499
       36.59895      139.92347    -0.06820     0.00856    -0.07676     0.00499
       39.01597      139.92750     0.04230    -0.02698     0.06928     0.00499
       40.57764      139.92812     0.00910    -0.02709     0.03619     0.00499
       36.11481      139.93150    -0.05010     0.03013    -0.08023     0.00499
       38.75972      139.95737     0.03720    -0.02610     0.06330     0.00499
       35.14380      139.96847    -0.02190     0.04911    -0.07101     0.00499
       37.66929      139.97266    -0.02950    -0.02114    -0.00836     0.00499
       35.00279      139.97489    -0.01030     0.05930    -0.06960     0.00499
       36.30070      139.98777    -0.06450     0.02373    -0.08823     0.00499
       35.94029      139.99272    -0.05900     0.02432    -0.08332     0.00499
       42.13085      140.00395    -0.01980    -0.02198     0.00218     0.00499
       40.09970      140.00550     0.02120    -0.02950     0.05070     0.00499
       40.73063      140.01099     0.00120    -0.02905     0.03025     0.00499
       42.68534      140.01178    -0.02530    -0.02248    -0.00282     0.00499
       35.78647      140.02475    -0.02250     0.06033    -0.08283     0.00499
       40.33940      140.02757     0.03710    -0.00537     0.04247     0.00499
       37.12470      140.03541    -0.04160     0.02495    -0.06655     0.00499
       36.85423      140.03926    -0.08510     0.00080    -0.08590     0.00499
       41.46638      140.04065     0.01070    -0.00088     0.01158     0.00499
       39.82581      140.04472     0.03010    -0.02852     0.05862     0.00499
       35.65721      140.04809    -0.02160     0.06027    -0.08187     0.00499
       39.39870      140.04824     0.06090    -0.00634     0.06724     0.00499
       40.24730      140.04868     0.03360    -0.01163     0.04523     0.00499
       35.44778      140.05133    -0.08260    -0.00407    -0.07853     0.00499
       39.52756      140.05393     0.04410    -0.02129     0.06539     0.00499
       41.80303      140.07123    -0.01060    -0.01598     0.00538     0.00499
       37.56695      140.07268    -0.04760    -0.01660    -0.03100     0.00499
       38.19754      140.07757    -0.00940    -0.03518     0.02578     0.00499
       36.36491      140.07795    -0.07450     0.02737    -0.10187     0.00499
       35.11186      140.07927    -0.04550     0.02944    -0.07494     0.00499
       36.10364      140.08631    -0.04470     0.05195    -0.09665     0.00499
       36.10558      140.08712    -0.06600     0.03081    -0.09681     0.00499
       36.10611      140.08719    -0.04870     0.04813    -0.09683     0.00499
       36.10568      140.08750    -0.05500     0.04185    -0.09685     0.00499
       37.96361      140.09353    -0.04930    -0.05376     0.00446     0.00499
       38.43434      140.09463    -0.01320    -0.05420     0.04100     0.00499
       42.00807      140.10732     0.00630     0.00423     0.00207     0.00499
       39.93605      140.13238     0.02170    -0.03241     0.05411     0.00499
       37.42451      140.13588    -0.07720    -0.02106    -0.05614     0.00499
       35.87365      140.14549    -0.06890     0.02582    -0.09472     0.00499
       35.33314      140.14679    -0.00910     0.07216    -0.08126     0.00499
       36.69246      140.15769    -0.06690     0.05017    -0.11707     0.00499
       39.16421      140.16198     0.05130    -0.01346     0.06476     0.00499
       36.95231      140.16476    -0.07980     0.02664    -0.10644     0.00499
       36.26327      140.17426    -0.07800     0.03679    -0.11479     0.00499
       36.54222      140.17931    -0.11080     0.01247    -0.12327     0.00499
       38.93810      140.18347     0.00820    -0.05118     0.05938     0.00499
       35.54414      140.18656    -0.03210     0.05547    -0.08757     0.00499
       38.28898      140.19992    -0.00950    -0.02981     0.02031     0.00499
       36.03134      140.20244    -0.06060     0.04686    -0.10746     0.00499
       37.61595      140.20565    -0.08980    -0.04155    -0.04825     0.00499
       37.29304      140.21275    -0.07330     0.01302    -0.08632     0.00499
       38.62841      140.22051    -0.01110    -0.05391     0.04281     0.00499
       42.78643      140.23320    -0.00680    -0.00070    -0.00610     0.00499
       39.65831      140.23421     0.04810    -0.01149     0.05959     0.00499
       35.28838      140.24916    -0.04920     0.03587    -0.08507     0.00499
       42.24368      140.25048    -0.02060    -0.01797    -0.00263     0.00499
       37.12629      140.25993    -0.11310     0.00302    -0.11612     0.00499
       40.27116      140.26366     0.02570    -0.01487     0.04057     0.00499
       35.16590      140.26802    -0.04710     0.03634    -0.08344     0.00499
       38.14810      140.27114    -0.05070    -0.04841    -0.00229     0.00499
       40.77898      140.27298     0.04220     0.01843     0.02377     0.00499
       39.29674      140.27893     0.03080    -0.03081     0.06161     0.00499
       36.65057      140.29342    -0.13400     0.01947    -0.15347     0.00499
       41.12172      140.29353    -0.01590    -0.03001     0.01411     0.00499
       40.57518      140.29499     0.01630    -0.01333     0.02963     0.00499
       36.77896      140.29649    -0.10440     0.04790    -0.15230     0.00499
       35.71745      140.31515    -0.06670     0.03478    -0.10148     0.00499
       41.59903      140.31589    -0.01510    -0.01923     0.00413     0.00499
       35.53012      140.31824    -0.02370     0.07077    -0.09447     0.00499
       38.75860      140.31874    -0.00200    -0.04384     0.04184     0.00499
       37.36182      140.32439    -0.07650     0.03035    -0.10685     0.00499
       35.42113      140.33737    -0.02140     0.07090    -0.09230     0.00499
       36.09694      140.34315    -0.06700     0.06424    -0.13124     0.00499
       42.49436      140.35420     0.00760     0.01368    -0.00608     0.00499
       38.49677      140.36515    -0.01480    -0.03131     0.01651     0.00499
       38.33103      140.36609    -0.04050    -0.04096     0.00046     0.00499
       41.93485      140.37123     0.00090     0.00243    -0.00153     0.00499
       37.62073      140.37290    -0.03640     0.04975    -0.08615     0.00499
       37.02358      140.37627    -0.14610     0.01756    -0.16366     0.00499
       35.24324      140.38491    -0.03620     0.05383    -0.09003     0.00499
       36.47585      140.38569    -0.12960     0.04643    -0.17603     0.00499
       39.54929      140.38662     0.02580    -0.03125     0.05705     0.00499
       38.17044      140.39388    -0.11260    -0.09034    -0.02226     0.00499
       40.00688      140.40199     0.03670    -0.00946     0.04616     0.00499
       35.97041      140.40295    -0.07780     0.04934    -0.12714     0.00499
       35.80333      140.40701    -0.05850     0.05478    -0.11328     0.00499
       40.18332      140.40815     0.00760    -0.03257     0.04017     0.00499
       36.86209      140.41327    -0.16690     0.02379    -0.19069     0.00499
       37.98993      140.44257    -0.09890    -0.04293    -0.05597     0.00499
       37.83350      140.44679    -0.09470    -0.01660    -0.07810     0.00499
       39.05438      140.44733     0.02870    -0.01742     0.04612     0.00499
       35.64235      140.44830    -0.06610     0.04014    -0.10624     0.00499
       37.21056      140.45097    -0.13920     0.03060    -0.16980     0.00499
       40.91018      140.45157    -0.00130    -0.01704     0.01574     0.00499
       37.44487      140.46403    -0.18890    -0.04877    -0.14013     0.00499
       37.68331      140.46649    -0.06880     0.03662    -0.10542     0.00499
       36.34437      140.47633    -0.17860     0.01144    -0.19004     0.00499
       40.62435      140.47853     0.02370     0.00027     0.02343     0.00499
       41.18508      140.49077     0.02470     0.01668     0.00802     0.00499
       38.75216      140.49726    -0.05660    -0.07636     0.01976     0.00499
       36.74303      140.49760    -0.21730     0.01415    -0.23145     0.00499
       39.19910      140.50669     0.00020    -0.04701     0.04721     0.00499
       41.71133      140.53503     0.00680     0.00888    -0.00208     0.00499
       39.92139      140.53586     0.01740    -0.02725     0.04465     0.00499
       42.98525      140.54394    -0.00690     0.00378    -0.01068     0.00499
       36.18131      140.54448    -0.12090     0.05905    -0.17995     0.00499
       39.32700      140.55978     0.02840    -0.01877     0.04717     0.00499
       37.08930      140.56164    -0.23690     0.00076    -0.23766     0.00499
       42.09861      140.56886     0.00450     0.01130    -0.00680     0.00499
       37.59109      140.57165    -0.15210     0.00711    -0.15921     0.00499
       40.32505      140.57735     0.02470    -0.00568     0.03038     0.00499
       40.52365      140.57815     0.03830     0.01457     0.02373     0.00499
       40.70628      140.58922     0.00260    -0.01507     0.01767     0.00499
       39.50814      140.59609     0.03130    -0.01637     0.04767     0.00499
       39.74916      140.59704    -0.01270    -0.05888     0.04618     0.00499
       42.80272      140.60352    -0.03230    -0.02131    -0.01099     0.00499
       36.53993      140.61184    -0.23700     0.03541    -0.27241     0.00499
       39.05190      140.62959    -0.06200    -0.08849     0.02649     0.00499
       41.04322      140.63589     0.01180     0.00452     0.00728     0.00499
       37.98441      140.64564    -0.12320     0.00301    -0.12621     0.00499
       35.77730      140.64682    -0.05170     0.07455    -0.12625     0.00499
       35.95545      140.65924    -0.11020     0.04130    -0.15150     0.00499
       37.32547      140.66211    -0.23730     0.01448    -0.25178     0.00499
       42.12314      140.66687    -0.00480     0.00405    -0.00885     0.00499
       36.93262      140.69015    -0.35840    -0.02391    -0.33449     0.00499
       39.14620      140.71505    -0.04510    -0.06771     0.02261     0.00499
       41.97669      140.71544    -0.01230    -0.00358    -0.00872     0.00499
       37.18309      140.71600    -0.28870     0.02414    -0.31284     0.00499
       37.82460      140.72766    -0.22820    -0.03343    -0.19477     0.00499
       38.57181      140.72772    -0.07960    -0.02191    -0.05769     0.00499
       39.70268      140.73285     0.01070    -0.02930     0.04000     0.00499
       41.82607      140.74783    -0.01740    -0.00928    -0.00812     0.00499
       36.80031      140.75391    -0.39310    -0.00902    -0.38408     0.00499
       38.25775      140.75470    -0.13060    -0.00285    -0.12775     0.00499
       37.56055      140.75507    -0.24090     0.02012    -0.26102     0.00499
       42.55138      140.76762    -0.01260     0.00011    -0.01271     0.00499
       39.35130      140.76918    -0.01930    -0.04933     0.03003     0.00499
       40.21544      140.78733     0.02900     0.00283     0.02617     0.00499
       38.74894      140.80164    -0.08340    -0.03334    -0.05006     0.00499
       40.64357      140.80335     0.01600     0.00378     0.01222     0.00499
       42.04297      140.80554     0.02240     0.03350    -0.01110     0.00499
       37.33670      140.80845    -0.28670     0.05713    -0.34383     0.00499
       40.83441      140.81054     0.03660     0.02987     0.00673     0.00499
       41.14555      140.82199     0.03020     0.03084    -0.00064     0.00499
       42.64629      140.82568    -0.00440     0.00947    -0.01387     0.00499
       38.93403      140.83319    -0.07930    -0.05330    -0.02600     0.00499
       39.55446      140.83632    -0.02410    -0.05582     0.03172     0.00499
       35.72636      140.83723    -0.06120     0.06261    -0.12381     0.00499
       37.01845      140.84165    -0.49210    -0.05752    -0.43458     0.00499
       38.02966      140.84399    -0.20780     0.01892    -0.22672     0.00499
       38.54622      140.84787    -0.13420    -0.02270    -0.11150     0.00499
       38.41176      140.85137    -0.16300    -0.01802    -0.14498     0.00499
       42.47390      140.87637    -0.00280     0.01152    -0.01432     0.00499
       41.45530      140.88051     0.01040     0.01782    -0.00742     0.00499
       42.85789      140.88334    -0.01540    -0.00041    -0.01499     0.00499
       42.55793      140.89880    -0.02940    -0.01452    -0.01488     0.00499
       37.09071      140.90251    -0.49940    -0.03002    -0.46938     0.00499
       37.80067      140.90808    -0.32090     0.00363    -0.32453     0.00499
       41.74059      140.92933     0.06890     0.08067    -0.01177     0.00499
       40.44763      140.94159     0.02410     0.01188     0.01222     0.00499
       42.37421      140.94241    -0.00830     0.00696    -0.01526     0.00499
       38.17712      140.94369    -0.24160     0.02537    -0.26697     0.00499
       38.31749      140.95418    -0.28200    -0.04505    -0.23695     0.00499
       39.70109      140.96450     0.01850    -0.00582     0.02432     0.00499
       41.19966      140.98381     0.00330     0.01031    -0.00701     0.00499
       39.12701      140.98846    -0.07130    -0.04006    -0.03124     0.00499
       40.92116      140.99023     0.03160     0.03369    -0.00209     0.00499
       38.68613      141.00433    -0.16860    -0.01306    -0.15554     0.00499
       40.10675      141.04646     0.02290     0.00694     0.01596     0.00499
       39.95308      141.06633     0.00920    -0.00800     0.01720     0.00499
       42.66788      141.07496    -0.01120     0.00667    -0.01787     0.00499
       40.29108      141.07647     0.01220     0.00244     0.00976     0.00499
       42.42055      141.08106    -0.00310     0.01482    -0.01792     0.00499
       41.46616      141.09447    -0.01710    -0.00302    -0.01408     0.00499
       40.57998      141.10602     0.02560     0.02491     0.00069     0.00499
       40.86236      141.13181     0.05060     0.05745    -0.00685     0.00499
       41.83400      141.14218    -0.00340     0.01455    -0.01795     0.00499
       38.53948      141.14754    -0.34770    -0.02243    -0.32527     0.00499
       38.99546      141.14852    -0.17890    -0.05707    -0.12183     0.00499
       38.66063      141.16072    -0.28580    -0.00774    -0.27806     0.00499
       39.85125      141.16486     0.00130    -0.00849     0.00979     0.00499
       39.59657      141.17210    -0.01870    -0.01795    -0.00075     0.00499
       40.62507      141.19783    -0.01130    -0.00620    -0.00510     0.00499
       39.11062      141.20392    -0.18350    -0.07951    -0.10399     0.00499
       38.42506      141.21291    -0.52030    -0.06280    -0.45750     0.00499
       41.30077      141.21328     0.02190     0.03848    -0.01658     0.00499
       39.98057      141.22506     0.02820     0.02289     0.00531     0.00499
       38.90193      141.28319    -0.33970    -0.09564    -0.24406     0.00499
       42.97138      141.29033     0.00200     0.02265    -0.02065     0.00499
       39.46469      141.29300    -0.06070    -0.02563    -0.03507     0.00499
       40.29115      141.29369     0.00190     0.00559    -0.00369     0.00499
       38.50984      141.30440    -0.58510    -0.05526    -0.52984     0.00499
       39.23537      141.31167    -0.16350    -0.06412    -0.09938     0.00499
       38.74322      141.31786    -0.41820    -0.03962    -0.37858     0.00499
       40.50876      141.33199     0.03490     0.04528    -0.01038     0.00499
       42.54980      141.36148    -0.03470    -0.01172    -0.02298     0.00499
       40.96824      141.36796     0.01000     0.02960    -0.01960     0.00499
       40.67640      141.37621     0.00410     0.02009    -0.01599     0.00499
       41.16093      141.38569     0.00690     0.02918    -0.02228     0.00499
       39.01211      141.40085    -0.31440    -0.05719    -0.25721     0.00499
       42.77319      141.40709     0.00290     0.02594    -0.02304     0.00499
       39.63937      141.42613    -0.04530    -0.01375    -0.03155     0.00499
       41.40471      141.44759    -0.03550    -0.00938    -0.02612     0.00499
       38.68270      141.44937    -0.66390    -0.07282    -0.59108     0.00499
       39.84902      141.45259    -0.05120    -0.03262    -0.01858     0.00499
       40.04860      141.46194    -0.02090    -0.00588    -0.01502     0.00499
       40.27104      141.48486    -0.01430     0.00332    -0.01762     0.00499
       38.30119      141.50069    -1.12820    -0.08511    -1.04309     0.00499
       40.51536      141.51128    -0.01900     0.00335    -0.02235     0.00499
       39.33806      141.53416    -0.22690    -0.09308    -0.13382     0.00499
       38.90286      141.57259    -0.63710    -0.13232    -0.50478     0.00499
       39.14309      141.57549    -0.42660    -0.15495    -0.27165     0.00499
       42.88443      141.57742     0.00700     0.03221    -0.02521     0.00499
       42.65553      141.60226    -0.04550    -0.01865    -0.02685     0.00499
       39.97096      141.66218    -0.05120    -0.01344    -0.03776     0.00499
       39.59612      141.67529    -0.15310    -0.07052    -0.08258     0.00499
       40.40520      141.71313    -0.03080     0.00661    -0.03741     0.00499
       42.98325      141.73067    -0.00360     0.02328    -0.02688     0.00499
       39.02378      141.73985    -0.70250    -0.18344    -0.51906     0.00499
       40.13345      141.78910    -0.02380     0.02369    -0.04749     0.00499
       39.25352      141.79804    -0.49200    -0.19428    -0.29772     0.00499
       39.84918      141.80385    -0.12050    -0.05580    -0.06470     0.00499
       42.72944      141.86398    -0.01470     0.01612    -0.03082     0.00499
       39.57239      141.93996    -0.27920    -0.12918    -0.15002     0.00499
       39.86937      141.95054    -0.10240    -0.01666    -0.08574     0.00499
       39.45816      141.95526    -0.41720    -0.20814    -0.20906     0.00499
       39.73896      141.97022    -0.15810    -0.04827    -0.10983     0.00499
       42.48128      142.06022    -0.03000     0.00681    -0.03681     0.00499
       42.93377      142.08460     0.02610     0.05848    -0.03238     0.00499
       42.72724      142.29581    -0.00640     0.03155    -0.03795     0.00499
       42.35690      142.36460    -0.02880     0.01587    -0.04467     0.00499
       42.55426      142.39592    -0.01880     0.02330    -0.04210     0.00499
       42.98052      142.40197    -0.01350     0.02276    -0.03626     0.00499
       42.89063      142.53226    -0.00910     0.03012    -0.03922     0.00499
       42.24773      142.56745     0.00930     0.06028    -0.05098     0.00499
       42.27723      142.76795     0.00580     0.06023    -0.05443     0.00499
       42.13094      142.93539    -0.00600     0.05561    -0.06161     0.00499
       42.80334      142.95369    -0.00240     0.04377    -0.04617     0.00499
       42.69927      143.10326     0.00850     0.05861    -0.05011     0.00499
       42.48641      143.15197    -0.05870    -0.00304    -0.05566     0.00499
       42.00586      143.15653    -0.01310     0.05695    -0.07005     0.00499
       42.93886      143.17057    -0.01560     0.03045    -0.04605     0.00499
       42.67396      143.31280    -0.01090     0.04220    -0.05310     0.00499
       42.12559      143.31570    -0.02170     0.04698    -0.06868     0.00499
       42.32159      143.33100    -0.02610     0.03653    -0.06263     0.00499
       42.55165      143.46114    -0.01770     0.04001    -0.05771     0.00499
       42.80651      143.49497    -0.03480     0.01703    -0.05183     0.00499
       42.80034      143.65554     0.00450     0.05775    -0.05325     0.00499
       42.89451      143.92695    -0.02260     0.03014    -0.05274     0.00499
       42.96326      144.43194    -0.01040     0.04229    -0.05269     0.00499
       42.98257      144.71915    -0.01790     0.03440    -0.05230     0.00499
       38.88798      143.36219     1.60000     0.16841     1.43159     0.00499
       38.63646      143.26334     1.50000    -0.47202     1.97202     0.00499
       38.08094      142.91663     3.00000    -0.01378     3.01378     0.00499
       38.14886      142.43315    -0.80000     0.35971    -1.15971     0.00499
       37.16611      142.08090     0.90000     0.51084     0.38916     0.00499
