     lat_deg     lon_deg    depth_km  x_local_km  y_local_km   length_km    width_km  slp_strk_m  slp_ddip_m    slp_am_m  strike_deg     dip_deg    rake_deg sig_stk_MPa sig_ddi_MPa sig_nrm_MPa sig_cmb_MPa
     40.7161    144.4375      2.4197     10.0008     10.0000     20.0015     20.0000      0.0000      0.0000      0.0000    193.0347     14.0000      0.0000     -0.0037      0.0223     -0.0056      0.0204
     40.7564    144.2135      7.2577     10.0008     30.0000     20.0015     20.0000      0.0000      0.0000      0.0000    193.0347     14.0000      0.0000     -0.0039      0.0217     -0.0052      0.0200
     40.7964    143.9892     12.0961     10.0008     50.0000     20.0015     20.0000      0.0000      0.0000      0.0000    193.0347     14.0000      0.0000     -0.0057      0.0206     -0.0043      0.0196
     40.8359    143.7647     16.9345     10.0008     70.0000     20.0015     20.0000      0.0000      0.0000      0.0000    193.0347     14.0000      0.0000     -0.0091      0.0194     -0.0030      0.0197
     40.8751    143.5399     21.7730     10.0008     90.0000     20.0015     20.0000      0.0000      0.0000      0.0000    193.0347     14.0000      0.0000     -0.0136      0.0188     -0.0015      0.0207
     40.9138    143.3149     26.6114     10.0008    110.0000     20.0015     20.0000      0.0000      0.0000      0.0000    193.0347     14.0000      0.0000     -0.0184      0.0188      0.0001      0.0224
     40.9521    143.0896     31.4498     10.0008    130.0000     20.0015     20.0000      0.0000      0.0000      0.0000    193.0347     14.0000      0.0000     -0.0228      0.0195      0.0015      0.0246
     40.9899    142.8641     36.2883     10.0008    150.0000     20.0015     20.0000      0.0000      0.0000      0.0000    193.0347     14.0000      0.0000     -0.0263      0.0205      0.0027      0.0269
     41.0274    142.6383     41.1267     10.0008    170.0000     20.0015     20.0000      0.0000      0.0000      0.0000    193.0347     14.0000      0.0000     -0.0288      0.0218      0.0036      0.0291
     41.0644    142.4122     45.9652     10.0008    190.0000     20.0015     20.0000      0.0000      0.0000      0.0000    193.0347     14.0000      0.0000     -0.0302      0.0229      0.0042      0.0308
     40.5411    144.3824      2.4197     30.0023     10.0000     20.0015     20.0000      0.0000      0.0000      0.0000    193.0347     14.0000      0.0000     -0.0043      0.0281     -0.0070      0.0255
     40.5814    144.1590      7.2577     30.0023     30.0000     20.0015     20.0000      0.0000      0.0000      0.0000    193.0347     14.0000      0.0000     -0.0047      0.0273     -0.0065      0.0250
     40.6212    143.9353     12.0961     30.0023     50.0000     20.0015     20.0000      0.0000      0.0000      0.0000    193.0347     14.0000      0.0000     -0.0078      0.0257     -0.0052      0.0247
     40.6607    143.7113     16.9345     30.0023     70.0000     20.0015     20.0000      0.0000      0.0000      0.0000    193.0347     14.0000      0.0000     -0.0133      0.0243     -0.0032      0.0254
     40.6997    143.4871     21.7730     30.0023     90.0000     20.0015     20.0000      0.0000      0.0000      0.0000    193.0347     14.0000      0.0000     -0.0201      0.0239     -0.0010      0.0274
     40.7383    143.2626     26.6114     30.0023    110.0000     20.0015     20.0000      0.0000      0.0000      0.0000    193.0347     14.0000      0.0000     -0.0269      0.0246      0.0012      0.0304
     40.7765    143.0378     31.4498     30.0023    130.0000     20.0015     20.0000      0.0000      0.0000      0.0000    193.0347     14.0000      0.0000     -0.0326      0.0261      0.0031      0.0339
     40.8143    142.8129     36.2883     30.0023    150.0000     20.0015     20.0000      0.0000      0.0000      0.0000    193.0347     14.0000      0.0000     -0.0368      0.0279      0.0046      0.0372
     40.8516    142.5876     41.1267     30.0023    170.0000     20.0015     20.0000      0.0000      0.0000      0.0000    193.0347     14.0000      0.0000     -0.0393      0.0296      0.0057      0.0398
     40.8886    142.3621     45.9652     30.0023    190.0000     20.0015     20.0000      0.0000      0.0000      0.0000    193.0347     14.0000      0.0000     -0.0402      0.0311      0.0063      0.0417
     40.3661    144.3276      2.4197     50.0039     10.0000     20.0015     20.0000      0.0000      0.0000      0.0000    193.0347     14.0000      0.0000     -0.0049      0.0363     -0.0091      0.0328
     40.4063    144.1047      7.2577     50.0039     30.0000     20.0015     20.0000      0.0000      0.0000      0.0000    193.0347     14.0000      0.0000     -0.0057      0.0352     -0.0084      0.0322
     40.4461    143.8816     12.0961     50.0039     50.0000     20.0015     20.0000      0.0000      0.0000      0.0000    193.0347     14.0000      0.0000     -0.0112      0.0330     -0.0062      0.0322
     40.4854    143.6581     16.9345     50.0039     70.0000     20.0015     20.0000      0.0000      0.0000      0.0000    193.0347     14.0000      0.0000     -0.0205      0.0317     -0.0031      0.0342
     40.5243    143.4345     21.7730     50.0039     90.0000     20.0015     20.0000      0.0000      0.0000      0.0000    193.0347     14.0000      0.0000     -0.0311      0.0321      0.0003      0.0383
     40.5628    143.2105     26.6114     50.0039    110.0000     20.0015     20.0000      0.0000      0.0000      0.0000    193.0347     14.0000      0.0000     -0.0406      0.0341      0.0034      0.0436
     40.6009    142.9863     31.4498     50.0039    130.0000     20.0015     20.0000      0.0000      0.0000      0.0000    193.0347     14.0000      0.0000     -0.0478      0.0367      0.0059      0.0488
     40.6386    142.7619     36.2883     50.0039    150.0000     20.0015     20.0000      0.0000      0.0000      0.0000    193.0347     14.0000      0.0000     -0.0523      0.0395      0.0077      0.0532
     40.6759    142.5372     41.1267     50.0039    170.0000     20.0015     20.0000      0.0000      0.0000      0.0000    193.0347     14.0000      0.0000     -0.0541      0.0417      0.0088      0.0562
     40.7127    142.3123     45.9652     50.0039    190.0000     20.0015     20.0000      0.0000      0.0000      0.0000    193.0347     14.0000      0.0000     -0.0537      0.0431      0.0094      0.0577
     40.1911    144.2731      2.4197     70.0054     10.0000     20.0015     20.0000      0.0000      0.0000      0.0000    193.0347     14.0000      0.0000     -0.0051      0.0487     -0.0123      0.0437
     40.2312    144.0508      7.2577     70.0054     30.0000     20.0015     20.0000      0.0000      0.0000      0.0000    193.0347     14.0000      0.0000     -0.0069      0.0471     -0.0111      0.0430
     40.2708    143.8281     12.0961     70.0054     50.0000     20.0015     20.0000      0.0000      0.0000      0.0000    193.0347     14.0000      0.0000     -0.0178      0.0444     -0.0073      0.0443
     40.3101    143.6053     16.9345     70.0054     70.0000     20.0015     20.0000      0.0000      0.0000      0.0000    193.0347     14.0000      0.0000     -0.0342      0.0441     -0.0021      0.0497
     40.3489    143.3821     21.7730     70.0054     90.0000     20.0015     20.0000      0.0000      0.0000      0.0000    193.0347     14.0000      0.0000     -0.0506      0.0467      0.0032      0.0580
     40.3873    143.1587     26.6114     70.0054    110.0000     20.0015     20.0000      0.0000      0.0000      0.0000    193.0347     14.0000      0.0000     -0.0635      0.0508      0.0077      0.0667
     40.4253    142.9351     31.4498     70.0054    130.0000     20.0015     20.0000      0.0000      0.0000      0.0000    193.0347     14.0000      0.0000     -0.0717      0.0551      0.0109      0.0740
     40.4629    142.7112     36.2883     70.0054    150.0000     20.0015     20.0000      0.0000      0.0000      0.0000    193.0347     14.0000      0.0000     -0.0752      0.0586      0.0128      0.0789
     40.5001    142.4871     41.1267     70.0054    170.0000     20.0015     20.0000      0.0000      0.0000      0.0000    193.0347     14.0000      0.0000     -0.0750      0.0607      0.0138      0.0813
     40.5368    142.2627     45.9652     70.0054    190.0000     20.0015     20.0000      0.0000      0.0000      0.0000    193.0347     14.0000      0.0000     -0.0720      0.0614      0.0139      0.0813
     40.0161    144.2189      2.4197     90.0070     10.0000     20.0015     20.0000      0.0000      0.0000      0.0000    193.0347     14.0000      0.0000     -0.0037      0.0694     -0.0179      0.0614
     40.0561    143.9971      7.2577     90.0070     30.0000     20.0015     20.0000      0.0000      0.0000      0.0000    193.0347     14.0000      0.0000     -0.0090      0.0674     -0.0156      0.0615
     40.0956    143.7750     12.0961     90.0070     50.0000     20.0015     20.0000      0.0000      0.0000      0.0000    193.0347     14.0000      0.0000     -0.0329      0.0658     -0.0080      0.0682
     40.1348    143.5526     16.9345     90.0070     70.0000     20.0015     20.0000      0.0000      0.0000      0.0000    193.0347     14.0000      0.0000     -0.0624      0.0695      0.0013      0.0822
     40.1735    143.3300     21.7730     90.0070     90.0000     20.0015     20.0000      0.0000      0.0000      0.0000    193.0347     14.0000      0.0000     -0.0867      0.0764      0.0096      0.0975
     40.2118    143.1072     26.6114     90.0070    110.0000     20.0015     20.0000      0.0000      0.0000      0.0000    193.0347     14.0000      0.0000     -0.1021      0.0832      0.0157      0.1100
     40.2497    142.8841     31.4498     90.0070    130.0000     20.0015     20.0000      0.0000      0.0000      0.0000    193.0347     14.0000      0.0000     -0.1089      0.0882      0.0194      0.1179
     40.2872    142.6608     36.2883     90.0070    150.0000     20.0015     20.0000      0.0000      0.0000      0.0000    193.0347     14.0000      0.0000     -0.1088      0.0908      0.0211      0.1211
     40.3243    142.4372     41.1267     90.0070    170.0000     20.0015     20.0000      0.0000      0.0000      0.0000    193.0347     14.0000      0.0000     -0.1040      0.0910      0.0213      0.1203
     40.3609    142.2134     45.9652     90.0070    190.0000     20.0015     20.0000      0.0000      0.0000      0.0000    193.0347     14.0000      0.0000     -0.0962      0.0889      0.0205      0.1162
     39.8410    144.1650      2.4197    110.0085     10.0000     20.0015     20.0000      0.0000      0.0000      0.0000    193.0347     14.0000      0.0000      0.0035      0.1130     -0.0298      0.0975
     39.8809    143.9437      7.2577    110.0085     30.0000     20.0015     20.0000      0.0000      0.0000      0.0000    193.0347     14.0000      0.0000     -0.0187      0.1165     -0.0241      0.1081
     39.9204    143.7221     12.0961    110.0085     50.0000     20.0015     20.0000      0.0000      0.0000      0.0000    193.0347     14.0000      0.0000     -0.0750      0.1256     -0.0085      0.1357
     39.9594    143.5003     16.9345    110.0085     70.0000     20.0015     20.0000      0.0000      0.0000      0.0000    193.0347     14.0000      0.0000     -0.1241      0.1378      0.0072      0.1647
     39.9981    143.2782     21.7730    110.0085     90.0000     20.0015     20.0000      0.0000      0.0000      0.0000    193.0347     14.0000      0.0000     -0.1538      0.1459      0.0203      0.1845
     40.0363    143.0559     26.6114    110.0085    110.0000     20.0015     20.0000      0.0000      0.0000      0.0000    193.0347     14.0000      0.0000     -0.1662      0.1500      0.0291      0.1947
     40.0741    142.8334     31.4498    110.0085    130.0000     20.0015     20.0000      0.0000      0.0000      0.0000    193.0347     14.0000      0.0000     -0.1657      0.1499      0.0332      0.1962
     40.1115    142.6106     36.2883    110.0085    150.0000     20.0015     20.0000      0.0000      0.0000      0.0000    193.0347     14.0000      0.0000     -0.1568      0.1461      0.0340      0.1908
     40.1485    142.3875     41.1267    110.0085    170.0000     20.0015     20.0000      0.0000      0.0000      0.0000    193.0347     14.0000      0.0000     -0.1431      0.1394      0.0326      0.1806
     40.1850    142.1643     45.9652    110.0085    190.0000     20.0015     20.0000      0.0000      0.0000      0.0000    193.0347     14.0000      0.0000     -0.1273      0.1306      0.0300      0.1675
     39.6659    144.1113      2.4197    130.0101     10.0000     20.0015     20.0000      0.0119     -0.0326      0.0347    193.0347     14.0000     70.0000      0.0553      0.2815     -0.0800      0.2303
     39.7057    143.8905      7.2577    130.0101     30.0000     20.0015     20.0000      0.0000      0.0000      0.0000    193.0347     14.0000      0.0000     -0.1292      0.4717     -0.0954      0.4505
     39.7451    143.6695     12.0961    130.0101     50.0000     20.0015     20.0000      0.0000      0.0000      0.0000    193.0347     14.0000      0.0000     -0.2489      0.4634     -0.0624      0.4820
     39.7840    143.4482     16.9345    130.0101     70.0000     20.0015     20.0000      0.0000      0.0000      0.0000    193.0347     14.0000      0.0000     -0.2873      0.4003     -0.0191      0.4464
     39.8226    143.2267     21.7730    130.0101     90.0000     20.0015     20.0000      0.0000      0.0000      0.0000    193.0347     14.0000      0.0000     -0.2812      0.3342      0.0205      0.3963
     39.8607    143.0049     26.6114    130.0101    110.0000     20.0015     20.0000      0.0000      0.0000      0.0000    193.0347     14.0000      0.0000     -0.2684      0.2948      0.0434      0.3643
     39.8984    142.7829     31.4498    130.0101    130.0000     20.0015     20.0000      0.0000      0.0000      0.0000    193.0347     14.0000      0.0000     -0.2484      0.2665      0.0514      0.3354
     39.9357    142.5606     36.2883    130.0101    150.0000     20.0015     20.0000      0.0000      0.0000      0.0000    193.0347     14.0000      0.0000     -0.2220      0.2406      0.0518      0.3045
     39.9726    142.3381     41.1267    130.0101    170.0000     20.0015     20.0000      0.0000      0.0000      0.0000    193.0347     14.0000      0.0000     -0.1933      0.2161      0.0482      0.2728
     40.0091    142.1154     45.9652    130.0101    190.0000     20.0015     20.0000      0.0000      0.0000      0.0000    193.0347     14.0000      0.0000     -0.1653      0.1926      0.0429      0.2416
     39.4908    144.0579      2.4197    150.0116     10.0000     20.0015     20.0000      0.3423     -1.2780      1.3231    193.0347     14.0000     75.0051      0.5095      0.2206     -0.0060      0.1000
     39.5305    143.8376      7.2577    150.0116     30.0000     20.0015     20.0000      0.3179     -1.0370      1.0846    193.0347     14.0000     72.9541      0.0351      0.6218     -0.1111      0.5542
     39.5698    143.6171     12.0961    150.0116     50.0000     20.0015     20.0000      0.2373     -0.6541      0.6958    193.0347     14.0000     70.0605     -0.3217      0.8550     -0.2069      0.8222
     39.6086    143.3964     16.9345    150.0116     70.0000     20.0015     20.0000      0.0939     -0.2580      0.2745    193.0347     14.0000     70.0000     -0.5299      1.0054     -0.1443      1.0400
     39.6471    143.1754     21.7730    150.0116     90.0000     20.0015     20.0000      0.0000      0.0000      0.0000    193.0347     14.0000      0.0000     -0.5519      0.9821     -0.0397      1.0640
     39.6851    142.9541     26.6114    150.0116    110.0000     20.0015     20.0000      0.0000      0.0000      0.0000    193.0347     14.0000      0.0000     -0.4287      0.6538      0.0323      0.7454
     39.7228    142.7327     31.4498    150.0116    130.0000     20.0015     20.0000      0.0000      0.0000      0.0000    193.0347     14.0000      0.0000     -0.3620      0.4931      0.0632      0.5863
     39.7600    142.5109     36.2883    150.0116    150.0000     20.0015     20.0000      0.0000      0.0000      0.0000    193.0347     14.0000      0.0000     -0.3045      0.4011      0.0709      0.4869
     39.7968    142.2890     41.1267    150.0116    170.0000     20.0015     20.0000      0.0000      0.0000      0.0000    193.0347     14.0000      0.0000     -0.2532      0.3357      0.0670      0.4102
     39.8332    142.0668     45.9652    150.0116    190.0000     20.0015     20.0000      0.0000      0.0000      0.0000    193.0347     14.0000      0.0000     -0.2084      0.2834      0.0587      0.3459
     39.3157    144.0048      2.4197    170.0132     10.0000     20.0015     20.0000      0.8972     -4.6791      4.7643    193.0347     14.0000     79.1452      1.1582     -0.1877      0.2048     -0.3574
     39.3553    143.7850      7.2577    170.0132     30.0000     20.0015     20.0000      0.8932     -4.0533      4.1505    193.0347     14.0000     77.5727      0.3406      0.3051      0.0545      0.2440
     39.3945    143.5650     12.0961    170.0132     50.0000     20.0015     20.0000      0.7599     -3.0032      3.0979    193.0347     14.0000     75.8001     -0.2771      0.7559     -0.2904      0.6824
     39.4332    143.3448     16.9345    170.0132     70.0000     20.0015     20.0000      0.4433     -1.8004      1.8541    193.0347     14.0000     76.1671     -0.6436      1.2249     -0.3206      1.2088
     39.4716    143.1243     21.7730    170.0132     90.0000     20.0015     20.0000      0.1070     -0.7435      0.7512    193.0347     14.0000     81.8072     -0.8272      1.5207     -0.1944      1.5882
     39.5095    142.9036     26.6114    170.0132    110.0000     20.0015     20.0000     -0.0438     -0.1203      0.1280    193.0347     14.0000    110.0000     -0.7568      1.4613     -0.0493      1.5728
     39.5471    142.6827     31.4498    170.0132    130.0000     20.0015     20.0000      0.0000      0.0000      0.0000    193.0347     14.0000      0.0000     -0.4997      0.9933      0.0424      1.0962
     39.5842    142.4615     36.2883    170.0132    150.0000     20.0015     20.0000      0.0000      0.0000      0.0000    193.0347     14.0000      0.0000     -0.3999      0.6801      0.0791      0.7834
     39.6209    142.2401     41.1267    170.0132    170.0000     20.0015     20.0000      0.0000      0.0000      0.0000    193.0347     14.0000      0.0000     -0.3165      0.5214      0.0834      0.6119
     39.6572    142.0184     45.9652    170.0132    190.0000     20.0015     20.0000      0.0000      0.0000      0.0000    193.0347     14.0000      0.0000     -0.2522      0.4140      0.0743      0.4893
     39.1405    143.9519      2.4197    190.0147     10.0000     20.0015     20.0000      1.6073    -10.7455     10.8651    193.0347     14.0000     81.4930      1.8348     -1.0065      0.5868     -1.1529
     39.1800    143.7327      7.2577    190.0147     30.0000     20.0015     20.0000      1.6487     -9.5470      9.6883    193.0347     14.0000     80.2020      0.6799     -0.5505      0.4408     -0.5110
     39.2191    143.5132     12.0961    190.0147     50.0000     20.0015     20.0000      1.5157     -7.5593      7.7097    193.0347     14.0000     78.6617     -0.1277      0.0501     -0.2106     -0.0071
     39.2578    143.2935     16.9345    190.0147     70.0000     20.0015     20.0000      0.9732     -5.1797      5.2703    193.0347     14.0000     79.3588     -0.7222      0.8491     -0.4663      0.8013
     39.2960    143.0735     21.7730    190.0147     90.0000     20.0015     20.0000      0.3237     -2.8098      2.8284    193.0347     14.0000     83.4287     -1.1250      1.6346     -0.4289      1.6715
     39.3339    142.8534     26.6114    190.0147    110.0000     20.0015     20.0000     -0.0696     -1.0339      1.0362    193.0347     14.0000     93.8524     -1.1594      2.0453     -0.2294      2.1593
     39.3713    142.6329     31.4498    190.0147    130.0000     20.0015     20.0000     -0.0689     -0.1892      0.2013    193.0347     14.0000    110.0000     -0.7687      1.8025     -0.0436      1.9104
     39.4084    142.4123     36.2883    190.0147    150.0000     20.0015     20.0000      0.0000      0.0000      0.0000    193.0347     14.0000      0.0000     -0.4663      1.2501      0.0551      1.3443
     39.4450    142.1914     41.1267    190.0147    170.0000     20.0015     20.0000     -0.0013     -0.0035      0.0038    193.0347     14.0000    110.0000     -0.3601      0.8365      0.0849      0.9294
     39.4812    141.9703     45.9652    190.0147    190.0000     20.0015     20.0000      0.0000      0.0000      0.0000    193.0347     14.0000      0.0000     -0.2829      0.6170      0.0829      0.6975
     38.9654    143.8993      2.4197    210.0163     10.0000     20.0015     20.0000      2.5106    -19.4333     19.5948    193.0347     14.0000     82.6388      2.3606     -2.2562      1.1746     -2.2528
     39.0048    143.6806      7.2577    210.0163     30.0000     20.0015     20.0000      2.4651    -17.4945     17.6674    193.0347     14.0000     81.9794      0.8309     -1.9602      1.0656     -1.6693
     39.0437    143.4616     12.0961    210.0163     50.0000     20.0015     20.0000      2.3047    -14.2794     14.4642    193.0347     14.0000     80.8315     -0.0795     -1.2322      0.0625     -1.1590
     39.0823    143.2424     16.9345    210.0163     70.0000     20.0015     20.0000      1.5883    -10.3432     10.4644    193.0347     14.0000     81.2699     -0.8517     -0.0673     -0.5835     -0.1105
     39.1205    143.0230     21.7730    210.0163     90.0000     20.0015     20.0000      0.7503     -6.2229      6.2680    193.0347     14.0000     83.1248     -1.3249      1.3733     -0.7260      1.3421
     39.1582    142.8033     26.6114    210.0163    110.0000     20.0015     20.0000      0.0880     -2.9374      2.9387    193.0347     14.0000     88.2837     -1.4621      2.3285     -0.5051      2.3923
     39.1956    142.5834     31.4498    210.0163    130.0000     20.0015     20.0000     -0.2156     -1.0196      1.0421    193.0347     14.0000    101.9382     -1.2712      2.4380     -0.2169      2.5721
     39.2326    142.3633     36.2883    210.0163    150.0000     20.0015     20.0000     -0.1256     -0.3452      0.3674    193.0347     14.0000    110.0000     -0.7221      1.7801     -0.0276      1.8847
     39.2691    142.1429     41.1267    210.0163    170.0000     20.0015     20.0000     -0.0708     -0.1946      0.2071    193.0347     14.0000    110.0000     -0.4711      1.1258      0.0528      1.2232
     39.3052    141.9223     45.9652    210.0163    190.0000     20.0015     20.0000     -0.0345     -0.0949      0.1010    193.0347     14.0000    110.0000     -0.3382      0.8029      0.0735      0.8872
     38.7902    143.8470      2.4197    230.0178     10.0000     20.0015     20.0000      3.8319    -29.9163     30.1607    193.0347     14.0000     82.7009      2.6040     -3.8281      1.9382     -3.5341
     38.8295    143.6288      7.2577    230.0178     30.0000     20.0015     20.0000      3.3918    -27.3332     27.5428    193.0347     14.0000     82.9262      0.6029     -4.0397      1.8774     -3.3220
     38.8683    143.4103     12.0961    230.0178     50.0000     20.0015     20.0000      2.7978    -22.5820     22.7547    193.0347     14.0000     82.9374     -0.8828     -3.0588      0.2118     -2.7029
     38.9068    143.1916     16.9345    230.0178     70.0000     20.0015     20.0000      2.3161    -16.5681     16.7292    193.0347     14.0000     82.0421     -1.1420     -1.0901     -0.8213     -1.1389
     38.9449    142.9727     21.7730    230.0178     90.0000     20.0015     20.0000      1.5963    -10.5555     10.6756    193.0347     14.0000     81.4002     -1.2075      0.9575     -1.0573      0.7781
     38.9826    142.7535     26.6114    230.0178    110.0000     20.0015     20.0000      0.6997     -5.7302      5.7727    193.0347     14.0000     83.0380     -1.3671      2.2969     -0.8281      2.2112
     39.0198    142.5342     31.4498    230.0178    130.0000     20.0015     20.0000     -0.0300     -2.6039      2.6041    193.0347     14.0000     90.6595     -1.4448      2.7120     -0.4652      2.7785
     39.0567    142.3145     36.2883    230.0178    150.0000     20.0015     20.0000     -0.3260     -1.0860      1.1339    193.0347     14.0000    106.7100     -1.2220      2.2682     -0.1818      2.4096
     39.0932    142.0947     41.1267    230.0178    170.0000     20.0015     20.0000     -0.2071     -0.5690      0.6055    193.0347     14.0000    110.0000     -0.6685      1.4536     -0.0277      1.5544
     39.1292    141.8746     45.9652    230.0178    190.0000     20.0015     20.0000     -0.1185     -0.3255      0.3464    193.0347     14.0000    110.0000     -0.4381      0.9065      0.0371      0.9958
     38.6149    143.7949      2.4197    250.0194     10.0000     20.0015     20.0000      5.7780    -40.3449     40.7566    193.0347     14.0000     81.8497      2.5257     -5.3307      2.6570     -4.6946
     38.6541    143.5772      7.2577    250.0194     30.0000     20.0015     20.0000      5.2832    -37.5252     37.8953    193.0347     14.0000     81.9860      0.8990     -6.5718      2.7022     -5.5269
     38.6929    143.3592     12.0961    250.0194     50.0000     20.0015     20.0000      4.4207    -31.2943     31.6050    193.0347     14.0000     81.9595     -0.6835     -5.3860      0.0203     -5.0931
     38.7313    143.1410     16.9345    250.0194     70.0000     20.0015     20.0000      3.9577    -22.8831     23.2229    193.0347     14.0000     80.1876     -0.5327     -1.8624     -1.1397     -2.1542
     38.7693    142.9226     21.7730    250.0194     90.0000     20.0015     20.0000      3.0323    -15.3113     15.6087    193.0347     14.0000     78.7978     -0.5621      0.4066     -1.3091     -0.0028
     38.8069    142.7040     26.6114    250.0194    110.0000     20.0015     20.0000      1.7920     -9.1685      9.3420    193.0347     14.0000     78.9410     -0.8648      1.9097     -1.1003      1.6136
     38.8441    142.4851     31.4498    250.0194    130.0000     20.0015     20.0000      0.6292     -4.8334      4.8741    193.0347     14.0000     82.5829     -1.1638      2.5939     -0.7271      2.4963
     38.8808    142.2660     36.2883    250.0194    150.0000     20.0015     20.0000     -0.1318     -2.2767      2.2805    193.0347     14.0000     93.3144     -1.2438      2.4836     -0.3822      2.5444
     38.9172    142.0467     41.1267    250.0194    170.0000     20.0015     20.0000     -0.3451     -1.0480      1.1033    193.0347     14.0000    108.2291     -0.9710      1.8833     -0.1520      1.9907
     38.9532    141.8272     45.9652    250.0194    190.0000     20.0015     20.0000     -0.2059     -0.5657      0.6020    193.0347     14.0000    110.0000     -0.5322      1.0906     -0.0265      1.1708
     38.4397    143.7430      2.4197    270.0209     10.0000     20.0015     20.0000      8.0259    -48.3700     49.0314    193.0347     14.0000     80.5789      2.1272     -6.2827      3.0403     -5.3816
     38.4788    143.5258      7.2577    270.0209     30.0000     20.0015     20.0000      8.1124    -45.1825     45.9050    193.0347     14.0000     79.8212      2.0487     -7.9078      3.1778     -6.8940
     38.5175    143.3084     12.0961    270.0209     50.0000     20.0015     20.0000      7.9777    -38.1728     38.9976    193.0347     14.0000     78.1957      2.3640     -6.7097      0.3371     -6.9316
     38.5558    143.0907     16.9345    270.0209     70.0000     20.0015     20.0000      6.4443    -28.7735     29.4863    193.0347     14.0000     77.3761      1.2663     -3.0464     -0.9868     -3.6458
     38.5937    142.8728     21.7730    270.0209     90.0000     20.0015     20.0000      4.7369    -20.1248     20.6748    193.0347     14.0000     76.7549      0.4146     -0.5598     -1.2975     -1.1567
     38.6312    142.6547     26.6114    270.0209    110.0000     20.0015     20.0000      3.1135    -12.9131     13.2831    193.0347     14.0000     76.4440     -0.0915      1.1276     -1.2155      0.6337
     38.6683    142.4363     31.4498    270.0209    130.0000     20.0015     20.0000      1.5846     -7.4622      7.6286    193.0347     14.0000     78.0111     -0.5494      2.0957     -0.9188      1.7978
     38.7050    142.2177     36.2883    270.0209    150.0000     20.0015     20.0000      0.3897     -3.7951      3.8151    193.0347     14.0000     84.1375     -0.8957      2.3969     -0.5745      2.3059
     38.7412    141.9989     41.1267    270.0209    170.0000     20.0015     20.0000     -0.2170     -1.6756      1.6896    193.0347     14.0000     97.3808     -0.9135      2.1693     -0.2921      2.2009
     38.7771    141.7799     45.9652    270.0209    190.0000     20.0015     20.0000     -0.2739     -0.7524      0.8007    193.0347     14.0000    110.0000     -0.6265      1.3881     -0.1058      1.4500
     38.2644    143.6914      2.4192    290.0225     10.0000     20.0015     20.0000      9.8992    -52.7025     53.6241    193.0347     14.0000     79.3619      1.4328     -6.4517      2.9822     -5.4160
     38.3034    143.4747      7.2577    290.0225     30.0000     20.0015     20.0000      9.7817    -49.3198     50.2805    193.0347     14.0000     78.7820      2.0162     -8.0835      3.2832     -7.0160
     38.3420    143.2578     12.0961    290.0225     50.0000     20.0015     20.0000      9.1495    -42.4687     43.4431    193.0347     14.0000     77.8419      2.2165     -7.2458      1.0545     -7.1349
     38.3802    143.0406     16.9345    290.0225     70.0000     20.0015     20.0000      7.6628    -33.3714     34.2399    193.0347     14.0000     77.0678      1.7224     -4.4053     -0.4223     -4.8462
     38.4181    142.8232     21.7730    290.0225     90.0000     20.0015     20.0000      5.9909    -24.3002     25.0278    193.0347     14.0000     76.1508      1.2742     -1.8198     -1.0049     -2.4586
     38.4555    142.6056     26.6114    290.0225    110.0000     20.0015     20.0000      4.2350    -16.4154     16.9529    193.0347     14.0000     75.5336      0.8072      0.0334     -1.1266     -0.5967
     38.4925    142.3877     31.4498    290.0225    130.0000     20.0015     20.0000      2.4408    -10.0993     10.3900    193.0347     14.0000     76.4131      0.1633      1.2499     -0.9860      0.7883
     38.5291    142.1697     36.2883    290.0225    150.0000     20.0015     20.0000      0.9289     -5.3921      5.4715    193.0347     14.0000     80.2256     -0.4479      2.0225     -0.7113      1.7870
     38.5653    141.9514     41.1267    290.0225    170.0000     20.0015     20.0000      0.0120     -2.3223      2.3223    193.0347     14.0000     89.7036     -0.7351      2.3014     -0.4165      2.2403
     38.6011    141.7329     45.9652    290.0225    190.0000     20.0015     20.0000     -0.3050     -0.8379      0.8917    193.0347     14.0000    110.0000     -0.7154      1.7696     -0.1837      1.8106
     38.0891    143.6401      2.4197    310.0240     10.0000     20.0015     20.0000     11.0176    -53.2489     54.3768    193.0347     14.0000     78.3100      0.5696     -6.0145      2.6214     -4.9428
     38.1280    143.4239      7.2577    310.0240     30.0000     20.0015     20.0000     10.5006    -50.2505     51.3359    193.0347     14.0000     78.1970      1.4726     -7.9183      3.1455     -6.7897
     38.1666    143.2074     12.0961    310.0240     50.0000     20.0015     20.0000      9.3298    -44.2264     45.1998    193.0347     14.0000     78.0878      1.5962     -7.7777      1.3236     -7.4087
     38.2047    142.9908     16.9345    310.0240     70.0000     20.0015     20.0000      7.8212    -35.7222     36.5684    193.0347     14.0000     77.6503      1.5079     -5.3381     -0.0041     -5.5411
     38.2424    142.7739     21.7730    310.0240     90.0000     20.0015     20.0000      6.2668    -26.8753     27.5962    193.0347     14.0000     76.8742      1.5467     -2.8979     -0.6287     -3.4198
     38.2797    142.5567     26.6114    310.0240    110.0000     20.0015     20.0000      4.4938    -18.8641     19.3920    193.0347     14.0000     76.6009      1.1729     -1.0375     -0.9160     -1.6378
     38.3166    142.3394     31.4498    310.0240    130.0000     20.0015     20.0000      2.6750    -12.1319     12.4233    193.0347     14.0000     77.5656      0.4665      0.2730     -0.9555     -0.2191
     38.3531    142.1218     36.2883    310.0240    150.0000     20.0015     20.0000      1.1815     -6.6520      6.7561    193.0347     14.0000     79.9282     -0.1724      1.5282     -0.7833      1.2152
     38.3893    141.9041     41.1267    310.0240    170.0000     20.0015     20.0000      0.2501     -2.7962      2.8074    193.0347     14.0000     84.8887     -0.4815      2.3346     -0.5044      2.1815
     38.4250    141.6861     45.9652    310.0240    190.0000     20.0015     20.0000     -0.1511     -0.8249      0.8386    193.0347     14.0000    100.3785     -0.5272      2.1228     -0.2445      2.0891
     37.9138    143.5890      2.4197    330.0256     10.0000     20.0015     20.0000     11.3567    -50.3412     51.6063    193.0347     14.0000     77.2871     -0.2992     -5.2247      2.1251     -4.1789
     37.9526    143.3733      7.2577    330.0256     30.0000     20.0015     20.0000     10.7830    -47.8355     49.0358    193.0347     14.0000     77.2969      1.0784     -7.2517      2.7840     -6.1970
     37.9911    143.1573     12.0961    330.0256     50.0000     20.0015     20.0000      9.5805    -42.7217     43.7828    193.0347     14.0000     77.3604      1.8227     -7.5359      1.3195     -7.2246
     38.0291    142.9412     16.9345    330.0256     70.0000     20.0015     20.0000      7.7272    -35.1071     35.9474    193.0347     14.0000     77.5869      1.6596     -5.4391      0.1893     -5.5958
     38.0667    142.7248     21.7730    330.0256     90.0000     20.0015     20.0000      5.5667    -27.0018     27.5697    193.0347     14.0000     78.3511      0.9678     -3.2846     -0.4043     -3.5791
     38.1040    142.5081     26.6114    330.0256    110.0000     20.0015     20.0000      3.6459    -19.4186     19.7578    193.0347     14.0000     79.3664      0.3731     -1.5436     -0.7776     -1.8989
     38.1408    142.2913     31.4498    330.0256    130.0000     20.0015     20.0000      2.1689    -12.8104     12.9927    193.0347     14.0000     80.3906      0.0186     -0.2574     -0.9227     -0.6242
     38.1772    142.0742     36.2883    330.0256    150.0000     20.0015     20.0000      1.1320     -7.1092      7.1988    193.0347     14.0000     80.9527     -0.1414      1.2598     -0.8144      0.9341
     38.2132    141.8569     41.1267    330.0256    170.0000     20.0015     20.0000      0.4636     -2.9344      2.9708    193.0347     14.0000     81.0222     -0.1905      2.3558     -0.5504      2.1194
     38.2489    141.6394     45.9652    330.0256    190.0000     20.0015     20.0000      0.1279     -0.7518      0.7627    193.0347     14.0000     80.3426     -0.1314      2.3246     -0.2793      2.1843
     37.7385    143.5382      2.4192    350.0271     10.0000     20.0015     20.0000     10.9307    -44.6539     45.9723    193.0347     14.0000     76.2452     -1.0168     -4.2782      1.5919     -3.3104
     37.7772    143.3229      7.2577    350.0271     30.0000     20.0015     20.0000     10.4098    -42.3905     43.6499    193.0347     14.0000     76.2030      0.6541     -5.9839      2.1921     -5.1034
     37.8155    143.1075     12.0961    350.0271     50.0000     20.0015     20.0000      9.2323    -37.8652     38.9744    193.0347     14.0000     76.2974      1.7424     -6.0014      1.1616     -5.7736
     37.8535    142.8918     16.9345    350.0271     70.0000     20.0015     20.0000      7.2260    -31.4901     32.3085    193.0347     14.0000     77.0762      1.5328     -4.4685      0.2060     -4.6145
     37.8910    142.6759     21.7730    350.0271     90.0000     20.0015     20.0000      4.8725    -24.5684     25.0469    193.0347     14.0000     78.7824      0.6122     -2.7565     -0.3996     -2.9835
     37.9282    142.4597     26.6114    350.0271    110.0000     20.0015     20.0000      2.9931    -17.9287     18.1769    193.0347     14.0000     80.5221     -0.0548     -1.2886     -0.7780     -1.5557
     37.9649    142.2434     31.4498    350.0271    130.0000     20.0015     20.0000      1.8488    -11.9233     12.0658    193.0347     14.0000     81.1859     -0.1565     -0.0200     -0.9181     -0.3521
     38.0013    142.0268     36.2883    350.0271    150.0000     20.0015     20.0000      1.1663     -6.6861      6.7870    193.0347     14.0000     80.1053     -0.0079      1.3410     -0.8122      0.9846
     38.0372    141.8100     41.1267    350.0271    170.0000     20.0015     20.0000      0.6461     -2.7698      2.8442    193.0347     14.0000     76.8700      0.0499      2.3491     -0.5555      2.0576
     38.0728    141.5931     45.9652    350.0271    190.0000     20.0015     20.0000      0.2565     -0.7046      0.7498    193.0347     14.0000     70.0000      0.0106      2.2730     -0.2891      2.0987
     37.5631    143.4875      2.4197    370.0287     10.0000     20.0015     20.0000      9.7874    -37.2575     38.5216    193.0347     14.0000     75.2812     -1.5014     -3.2650      1.0624     -2.4268
     37.6018    143.2728      7.2577    370.0287     30.0000     20.0015     20.0000      9.2845    -35.2166     36.4199    193.0347     14.0000     75.2307      0.1259     -4.5256      1.5559     -3.8189
     37.6400    143.0578     12.0961    370.0287     50.0000     20.0015     20.0000      8.1900    -31.3452     32.3975    193.0347     14.0000     75.3569      1.2169     -4.3225      0.8792     -4.1329
     37.6779    142.8426     16.9345    370.0287     70.0000     20.0015     20.0000      6.5194    -26.2168     27.0152    193.0347     14.0000     76.0354      1.2956     -3.1793      0.1124     -3.3422
     37.7153    142.6272     21.7730    370.0287     90.0000     20.0015     20.0000      4.6869    -20.6563     21.1814    193.0347     14.0000     77.2161      0.8842     -1.8847     -0.4298     -2.2056
     37.7524    142.4116     26.6114    370.0287    110.0000     20.0015     20.0000      3.2201    -15.2683     15.6041    193.0347     14.0000     78.0906      0.5466     -0.7303     -0.7472     -1.1320
     37.7890    142.1957     31.4498    370.0287    130.0000     20.0015     20.0000      2.2444    -10.3021     10.5438    193.0347     14.0000     77.7096      0.4635      0.3278     -0.8479     -0.1220
     37.8253    141.9796     36.2883    370.0287    150.0000     20.0015     20.0000      1.5138     -5.9277      6.1179    193.0347     14.0000     75.6742      0.4230      1.3726     -0.7459      0.9467
     37.8612    141.7634     41.1267    370.0287    170.0000     20.0015     20.0000      0.8215     -2.5592      2.6878    193.0347     14.0000     72.2044      0.2249      2.1677     -0.5177      1.8571
     37.8966    141.5469     45.9652    370.0287    190.0000     20.0015     20.0000      0.2669     -0.7333      0.7804    193.0347     14.0000     70.0000     -0.0315      2.0202     -0.2784      1.8657
     37.3877    143.4372      2.4192    390.0302     10.0000     20.0015     20.0000      8.1520    -29.3534     30.4644    193.0347     14.0000     74.4791     -1.7391     -2.2749      0.5995     -1.5938
     37.4263    143.2229      7.2577    390.0302     30.0000     20.0015     20.0000      7.7074    -27.6463     28.7006    193.0347     14.0000     74.4223     -0.3345     -3.1652      0.9879     -2.6175
     37.4644    143.0084     12.0961    390.0302     50.0000     20.0015     20.0000      6.8473    -24.5264     25.4643    193.0347     14.0000     74.4013      0.6854     -2.8639      0.5635     -2.7192
     37.5022    142.7937     16.9345    390.0302     70.0000     20.0015     20.0000      5.7257    -20.5491     21.3319    193.0347     14.0000     74.4304      1.0763     -1.9446      0.0428     -2.1175
     37.5396    142.5788     21.7730    390.0302     90.0000     20.0015     20.0000      4.6177    -16.3582     16.9974    193.0347     14.0000     74.2363      1.2285     -0.9923     -0.3102     -1.3637
     37.5766    142.3636     26.6114    390.0302    110.0000     20.0015     20.0000      3.6861    -12.4323     12.9673    193.0347     14.0000     73.4852      1.3171     -0.2963     -0.5252     -0.7905
     37.6131    142.1482     31.4498    390.0302    130.0000     20.0015     20.0000      2.8307     -8.8307      9.2733    193.0347     14.0000     72.2266      1.2388      0.2383     -0.6267     -0.2924
     37.6493    141.9327     36.2883    390.0302    150.0000     20.0015     20.0000      1.9144     -5.4302      5.7578    193.0347     14.0000     70.5805      0.8924      0.9578     -0.5899      0.5007
     37.6851    141.7169     41.1267    390.0302    170.0000     20.0015     20.0000      0.9319     -2.5603      2.7246    193.0347     14.0000     70.0000      0.2890      1.6873     -0.4375      1.4065
     37.7205    141.5009     45.9652    390.0302    190.0000     20.0015     20.0000      0.3114     -0.8555      0.9104    193.0347     14.0000     70.0000      0.0114      1.6653     -0.2523      1.5206
     37.2123    143.3870      2.4197    410.0318     10.0000     20.0015     20.0000      6.3567    -21.9110     22.8145    193.0347     14.0000     73.8218     -1.7463     -1.4108      0.2401     -0.8933
     37.2508    143.1732      7.2577    410.0318     30.0000     20.0015     20.0000      6.0317    -20.6169     21.4811    193.0347     14.0000     73.6924     -0.6201     -2.0163      0.5322     -1.6162
     37.2889    142.9592     12.0961    410.0318     50.0000     20.0015     20.0000      5.4618    -18.2826     19.0810    193.0347     14.0000     73.3669      0.2847     -1.7109      0.3085     -1.6081
     37.3265    142.7450     16.9345    410.0318     70.0000     20.0015     20.0000      4.8056    -15.3612     16.0954    193.0347     14.0000     72.6281      0.8136     -0.9748      0.0457     -1.1124
     37.3638    142.5305     21.7730    410.0318     90.0000     20.0015     20.0000      4.2105    -12.4193     13.1137    193.0347     14.0000     71.2718      1.2412     -0.2855     -0.0673     -0.5800
     37.4007    142.3159     26.6114    410.0318    110.0000     20.0015     20.0000      3.6234     -9.9551     10.5940    193.0347     14.0000     70.0000      1.5137     -0.1272     -0.1663     -0.5255
     37.4372    142.1010     31.4498    410.0318    130.0000     20.0015     20.0000      2.8504     -7.8314      8.3340    193.0347     14.0000     70.0000      1.3945     -0.3701     -0.3008     -0.7899
     37.4733    141.8859     36.2883    410.0318    150.0000     20.0015     20.0000      1.9329     -5.3105      5.6513    193.0347     14.0000     70.0000      1.0416      0.1325     -0.3716     -0.2499
     37.5090    141.6706     41.1267    410.0318    170.0000     20.0015     20.0000      0.9880     -2.7203      2.8942    193.0347     14.0000     70.0402      0.5116      1.1037     -0.3272      0.8323
     37.5443    141.4551     45.9652    410.0318    190.0000     20.0015     20.0000      0.3828     -1.0517      1.1192    193.0347     14.0000     70.0000      0.2090      1.2583     -0.2166      1.0942
     37.0369    143.3371      2.4197    430.0333     10.0000     20.0015     20.0000      4.6796    -15.5156     16.2060    193.0347     14.0000     73.2165     -1.5820     -0.7170     -0.0104     -0.3533
     37.0753    143.1238      7.2577    430.0333     30.0000     20.0015     20.0000      4.4944    -14.6463     15.3203    193.0347     14.0000     72.9408     -0.7296     -1.1201      0.2049     -0.8489
     37.1133    142.9103     12.0961    430.0333     50.0000     20.0015     20.0000      4.1753    -13.0782     13.7285    193.0347     14.0000     72.2940      0.0238     -0.9005      0.1482     -0.8242
     37.1509    142.6965     16.9345    430.0333     70.0000     20.0015     20.0000      3.7876    -11.1222     11.7495    193.0347     14.0000     71.1943      0.5029     -0.4055      0.0747     -0.4769
     37.1881    142.4825     21.7730    430.0333     90.0000     20.0015     20.0000      3.3523     -9.2104      9.8015    193.0347     14.0000     70.0000      0.8298      0.0595      0.1318     -0.0729
     37.2249    142.2684     26.6114    430.0333    110.0000     20.0015     20.0000      2.8443     -7.8148      8.3163    193.0347     14.0000     70.0000      1.0326     -0.0376      0.1300     -0.2131
     37.2613    142.0540     31.4498    430.0333    130.0000     20.0015     20.0000      2.2388     -6.8207      7.1788    193.0347     14.0000     71.8283      1.1235     -0.7913     -0.0151     -1.0263
     37.2973    141.8394     36.2883    430.0333    150.0000     20.0015     20.0000      1.3588     -5.1089      5.2865    193.0347     14.0000     75.1066      0.6986     -0.5460     -0.1688     -0.7546
     37.3329    141.6246     41.1267    430.0333    170.0000     20.0015     20.0000      0.5958     -2.8981      2.9587    193.0347     14.0000     78.3828      0.2807      0.5028     -0.2219      0.3395
     37.3681    141.4096     45.9652    430.0333    190.0000     20.0015     20.0000      0.1862     -1.3560      1.3687    193.0347     14.0000     82.1809      0.0973      0.6973     -0.1845      0.5847
     36.8615    143.2874      2.4197    450.0349     10.0000     20.0015     20.0000      3.2645    -10.4025     10.9027    193.0347     14.0000     72.5771     -1.3252     -0.2109     -0.1681      0.0204
     36.8998    143.0746      7.2577    450.0349     30.0000     20.0015     20.0000      3.1941     -9.9068     10.4090    193.0347     14.0000     72.1302     -0.7256     -0.4783     -0.0055     -0.3081
     36.9377    142.8615     12.0961    450.0349     50.0000     20.0015     20.0000      3.0543     -9.0087      9.5124    193.0347     14.0000     71.2717     -0.1335     -0.3903      0.0711     -0.3226
     36.9752    142.6482     16.9345    450.0349     70.0000     20.0015     20.0000      2.8206     -7.8782      8.3679    193.0347     14.0000     70.3012      0.2566     -0.1771      0.0862     -0.1950
     37.0123    142.4347     21.7730    450.0349     90.0000     20.0015     20.0000      2.4175     -6.7524      7.1721    193.0347     14.0000     70.3018      0.4335      0.0490      0.1791      0.0234
     37.0490    142.2210     26.6114    450.0349    110.0000     20.0015     20.0000      1.7596     -5.9257      6.1814    193.0347     14.0000     73.4615      0.2825      0.0026      0.2172      0.0269
     37.0853    142.0071     31.4498    450.0349    130.0000     20.0015     20.0000      1.0059     -5.4194      5.5120    193.0347     14.0000     79.4845      0.0095     -0.6040      0.1052     -0.5490
     37.1213    141.7930     36.2883    450.0349    150.0000     20.0015     20.0000      0.3925     -4.3844      4.4019    193.0347     14.0000     84.8844     -0.1218     -0.5722     -0.0571     -0.5539
     37.1568    141.5787     41.1267    450.0349    170.0000     20.0015     20.0000      0.0035     -2.8632      2.8632    193.0347     14.0000     89.9296     -0.1764      0.1067     -0.1571      0.0803
     37.1920    141.3642     45.9652    450.0349    190.0000     20.0015     20.0000     -0.1612     -1.7361      1.7436    193.0347     14.0000     95.3042     -0.2360     -0.0209     -0.1691     -0.0358
     36.6860    143.2380      2.4192    470.0364     10.0000     20.0015     20.0000      2.1417     -6.5634      6.9040    193.0347     14.0000     71.9282     -1.0469      0.1117     -0.2478      0.2415
     36.7242    143.0256      7.2577    470.0364     30.0000     20.0015     20.0000      2.1407     -6.3429      6.6944    193.0347     14.0000     71.3510     -0.6720     -0.0641     -0.1247      0.0363
     36.7620    142.8130     12.0961    470.0364     50.0000     20.0015     20.0000      2.1032     -5.9354      6.2970    193.0347     14.0000     70.4882     -0.2445     -0.0810      0.0329     -0.0117
     36.7994    142.6002     16.9345    470.0364     70.0000     20.0015     20.0000      1.9641     -5.3964      5.7427    193.0347     14.0000     70.0000      0.0419     -0.0736      0.0707     -0.0528
     36.8365    142.3872     21.7730    470.0364     90.0000     20.0015     20.0000      1.6726     -4.7882      5.0719    193.0347     14.0000     70.7452      0.2200     -0.0007      0.1205     -0.0011
     36.8731    142.1740     26.6114    470.0364    110.0000     20.0015     20.0000      1.0784     -4.2609      4.3952    193.0347     14.0000     75.7967      0.0533      0.0318      0.1471      0.0780
     36.9093    141.9605     31.4498    470.0364    130.0000     20.0015     20.0000      0.3655     -3.8770      3.8941    193.0347     14.0000     84.6151     -0.2917     -0.1421      0.0852     -0.0399
     36.9452    141.7469     36.2883    470.0364    150.0000     20.0015     20.0000     -0.0937     -3.3698      3.3711    193.0347     14.0000     91.5934     -0.4082     -0.2340     -0.0324     -0.1508
     36.9807    141.5331     41.1267    470.0364    170.0000     20.0015     20.0000     -0.2409     -2.6604      2.6713    193.0347     14.0000     95.1740     -0.3303     -0.1310     -0.1334     -0.1081
     37.0157    141.3190     45.9652    470.0364    190.0000     20.0015     20.0000     -0.2308     -2.1058      2.1184    193.0347     14.0000     96.2546     -0.2893     -0.7682     -0.1681     -0.7524
     36.5105    143.1888      2.4197    490.0380     10.0000     20.0015     20.0000      1.2848     -3.8519      4.0605    193.0347     14.0000     71.5544     -0.7909      0.2722     -0.2644      0.3347
     36.5486    142.9768      7.2577    490.0380     30.0000     20.0015     20.0000      1.3142     -3.7930      4.0142    193.0347     14.0000     70.8896     -0.6024      0.1677     -0.1792      0.2252
     36.5864    142.7647     12.0961    490.0380     50.0000     20.0015     20.0000      1.3276     -3.6692      3.9019    193.0347     14.0000     70.1092     -0.3231      0.1125     -0.0052      0.1792
     36.6237    142.5524     16.9345    490.0380     70.0000     20.0015     20.0000      1.2617     -3.4665      3.6890    193.0347     14.0000     70.0000     -0.1214      0.0466      0.0343      0.0860
     36.6606    142.3398     21.7730    490.0380     90.0000     20.0015     20.0000      1.1087     -3.1647      3.3533    193.0347     14.0000     70.6927      0.0670      0.0706      0.0532      0.0753
     36.6972    142.1271     26.6114    490.0380    110.0000     20.0015     20.0000      0.7397     -2.8602      2.9543    193.0347     14.0000     75.4999      0.0381      0.1241      0.0665      0.1392
     36.7334    141.9141     31.4498    490.0380    130.0000     20.0015     20.0000      0.2864     -2.6509      2.6664    193.0347     14.0000     83.8341     -0.1240      0.1004      0.0428      0.1425
     36.7691    141.7010     36.2883    490.0380    150.0000     20.0015     20.0000      0.0213     -2.5386      2.5387    193.0347     14.0000     89.5185     -0.1736     -0.0621     -0.0288     -0.0336
     36.8045    141.4876     41.1267    490.0380    170.0000     20.0015     20.0000      0.0280     -2.4393      2.4394    193.0347     14.0000     89.3426     -0.0410     -0.3400     -0.1175     -0.3694
     36.8395    141.2740     45.9652    490.0380    190.0000     20.0015     20.0000      0.1442     -2.3471      2.3515    193.0347     14.0000     86.4846      0.1491     -1.3534     -0.1630     -1.4181
     36.3350    143.1397      2.4192    510.0395     10.0000     20.0015     20.0000      0.6596     -2.0627      2.1656    193.0347     14.0000     72.2657     -0.5752      0.3121     -0.2339      0.3381
     36.3731    142.9283      7.2577    510.0395     30.0000     20.0015     20.0000      0.6974     -2.0722      2.1864    193.0347     14.0000     71.3993     -0.5232      0.2692     -0.1881      0.3030
     36.4107    142.7166     12.0961    510.0395     50.0000     20.0015     20.0000      0.7374     -2.0693      2.1968    193.0347     14.0000     70.3852     -0.3597      0.2296     -0.0448      0.2855
     36.4479    142.5047     16.9345    510.0395     70.0000     20.0015     20.0000      0.7359     -2.0219      2.1516    193.0347     14.0000     70.0000     -0.2101      0.1738     -0.0041      0.2144
     36.4848    142.2927     21.7730    510.0395     90.0000     20.0015     20.0000      0.6878     -1.9104      2.0304    193.0347     14.0000     70.1983     -0.0528      0.1762      0.0186      0.1910
     36.5213    142.0804     26.6114    510.0395    110.0000     20.0015     20.0000      0.5456     -1.8052      1.8859    193.0347     14.0000     73.1848      0.0274      0.1970      0.0413      0.2026
     36.5574    141.8679     31.4498    510.0395    130.0000     20.0015     20.0000      0.3853     -1.8063      1.8469    193.0347     14.0000     77.9589      0.0641      0.1502      0.0446      0.1501
     36.5931    141.6552     36.2883    510.0395    150.0000     20.0015     20.0000      0.3478     -1.9617      1.9923    193.0347     14.0000     79.9453      0.1600     -0.0650      0.0006     -0.0986
     36.6284    141.4423     41.1267    510.0395    170.0000     20.0015     20.0000      0.4735     -2.1904      2.2410    193.0347     14.0000     77.8021      0.3662     -0.4831     -0.0813     -0.5847
     36.6633    141.2293     45.9652    510.0395    190.0000     20.0015     20.0000      0.6275     -2.3464      2.4288    193.0347     14.0000     75.0273      0.6888     -1.6251     -0.1374     -1.7922
     36.1595    143.0910      2.4197    530.0410     10.0000     20.0015     20.0000      0.2432     -0.9826      1.0122    193.0347     14.0000     76.0969     -0.3991      0.2771     -0.1767      0.2878
     36.1974    142.8800      7.2577    530.0410     30.0000     20.0015     20.0000      0.2783     -1.0052      1.0430    193.0347     14.0000     74.5270     -0.4321      0.2845     -0.1664      0.3065
     36.2350    142.6688     12.0961    530.0410     50.0000     20.0015     20.0000      0.3287     -1.0322      1.0833    193.0347     14.0000     72.3366     -0.3541      0.2771     -0.0721      0.3197
     36.2722    142.4573     16.9345    530.0410     70.0000     20.0015     20.0000      0.3681     -1.0441      1.1071    193.0347     14.0000     70.5801     -0.2478      0.2504     -0.0309      0.2866
     36.3089    142.2457     21.7730    530.0410     90.0000     20.0015     20.0000      0.3809     -1.0466      1.1138    193.0347     14.0000     70.0000     -0.1387      0.2339      0.0080      0.2620
     36.3453    142.0339     26.6114    530.0410    110.0000     20.0015     20.0000      0.3845     -1.0848      1.1510    193.0347     14.0000     70.4818     -0.0138      0.2138      0.0504      0.2318
     36.3813    141.8219     31.4498    530.0410    130.0000     20.0015     20.0000      0.4108     -1.2301      1.2969    193.0347     14.0000     71.5323      0.1212      0.1261      0.0739      0.1257
     36.4170    141.6097     36.2883    530.0410    150.0000     20.0015     20.0000      0.5104     -1.5045      1.5887    193.0347     14.0000     71.2605      0.2936     -0.0925      0.0460     -0.1368
     36.4522    141.3973     41.1267    530.0410    170.0000     20.0015     20.0000      0.6651     -1.8314      1.9485    193.0347     14.0000     70.0399      0.4966     -0.4911     -0.0307     -0.6011
     36.4870    141.1847     45.9652    530.0410    190.0000     20.0015     20.0000      0.7524     -2.0671      2.1997    193.0347     14.0000     70.0000      0.7569     -1.5601     -0.0947     -1.7267
     35.9840    143.0424      2.4197    550.0426     10.0000     20.0015     20.0000      0.0154     -0.4129      0.4132    193.0347     14.0000     87.8625     -0.2565      0.2072     -0.1113      0.2142
     36.0218    142.8318      7.2577    550.0426     30.0000     20.0015     20.0000      0.0406     -0.4273      0.4293    193.0347     14.0000     84.5729     -0.3293      0.2456     -0.1268      0.2617
     36.0593    142.6211     12.0961    550.0426     50.0000     20.0015     20.0000      0.0839     -0.4482      0.4560    193.0347     14.0000     79.4006     -0.3130      0.2596     -0.0812      0.2899
     36.0964    142.4101     16.9345    550.0426     70.0000     20.0015     20.0000      0.1342     -0.4735      0.4921    193.0347     14.0000     74.1740     -0.2509      0.2518     -0.0459      0.2827
     36.1331    142.1990     21.7730    550.0426     90.0000     20.0015     20.0000      0.1812     -0.5197      0.5504    193.0347     14.0000     70.7739     -0.1664      0.2323      0.0001      0.2634
     36.1694    141.9876     26.6114    550.0426    110.0000     20.0015     20.0000      0.2260     -0.6211      0.6609    193.0347     14.0000     70.0000     -0.0796      0.1851      0.0523      0.2191
     36.2053    141.7761     31.4498    550.0426    130.0000     20.0015     20.0000      0.2926     -0.8039      0.8555    193.0347     14.0000     70.0000      0.0239      0.0913      0.0862      0.1182
     36.2408    141.5643     36.2883    550.0426    150.0000     20.0015     20.0000      0.3867     -1.0624      1.1306    193.0347     14.0000     70.0000      0.1326     -0.0798      0.0716     -0.0785
     36.2760    141.3524     41.1267    550.0426    170.0000     20.0015     20.0000      0.4851     -1.3328      1.4184    193.0347     14.0000     70.0000      0.2435     -0.3679      0.0083     -0.4093
     36.3108    141.1403     45.9652    550.0426    190.0000     20.0015     20.0000      0.5490     -1.5083      1.6051    193.0347     14.0000     70.0000      0.4847     -1.1392     -0.0514     -1.2388
     35.8084    142.9940      2.4192    570.0441     10.0000     20.0015     20.0000     -0.0580     -0.1752      0.1845    193.0347     14.0000    108.3258     -0.1417      0.1307     -0.0540      0.1372
     35.8462    142.7839      7.2577    570.0441     30.0000     20.0015     20.0000     -0.0461     -0.1778      0.1837    193.0347     14.0000    104.5391     -0.2169      0.1769     -0.0824      0.1876
     35.8836    142.5736     12.0961    570.0441     50.0000     20.0015     20.0000     -0.0230     -0.1836      0.1851    193.0347     14.0000     97.1436     -0.2398      0.1961     -0.0753      0.2142
     35.9205    142.3632     16.9345    570.0441     70.0000     20.0015     20.0000      0.0125     -0.1996      0.1999    193.0347     14.0000     86.4074     -0.2201      0.1975     -0.0519      0.2205
     35.9572    142.1525     21.7730    570.0441     90.0000     20.0015     20.0000      0.0616     -0.2400      0.2478    193.0347     14.0000     75.6101     -0.1635      0.1835     -0.0137      0.2096
     35.9934    141.9416     26.6114    570.0441    110.0000     20.0015     20.0000      0.1153     -0.3198      0.3400    193.0347     14.0000     70.1703     -0.0929      0.1518      0.0315      0.1812
     36.0293    141.7305     31.4498    570.0441    130.0000     20.0015     20.0000      0.1615     -0.4437      0.4722    193.0347     14.0000     70.0000     -0.0399      0.0981      0.0648      0.1304
     36.0647    141.5192     36.2883    570.0441    150.0000     20.0015     20.0000      0.2142     -0.5886      0.6264    193.0347     14.0000     70.0000      0.0161      0.0279      0.0627      0.0487
     36.0998    141.3077     41.1267    570.0441    170.0000     20.0015     20.0000      0.2627     -0.7217      0.7680    193.0347     14.0000     70.0000      0.0775     -0.0954      0.0223     -0.1013
     36.1345    141.0960     45.9652    570.0441    190.0000     20.0015     20.0000      0.2923     -0.8030      0.8545    193.0347     14.0000     70.0000      0.2330     -0.5099     -0.0211     -0.5573
     35.6328    142.9459      2.4197    590.0457     10.0000     20.0015     20.0000     -0.0407     -0.1118      0.1190    193.0347     14.0000    110.0000     -0.0539      0.0672     -0.0186      0.0700
     35.6705    142.7362      7.2577    590.0457     30.0000     20.0015     20.0000     -0.0379     -0.1042      0.1109    193.0347     14.0000    110.0000     -0.1062      0.1011     -0.0428      0.1050
     35.7078    142.5264     12.0961    590.0457     50.0000     20.0015     20.0000     -0.0353     -0.0969      0.1031    193.0347     14.0000    110.0000     -0.1451      0.1180     -0.0571      0.1244
     35.7447    142.3164     16.9345    590.0457     70.0000     20.0015     20.0000     -0.0272     -0.0965      0.1002    193.0347     14.0000    105.7701     -0.1638      0.1247     -0.0501      0.1378
     35.7813    142.1061     21.7730    590.0457     90.0000     20.0015     20.0000      0.0009     -0.1108      0.1108    193.0347     14.0000     89.5299     -0.1421      0.1199     -0.0281      0.1372
     35.8174    141.8957     26.6114    590.0457    110.0000     20.0015     20.0000      0.0377     -0.1379      0.1429    193.0347     14.0000     74.7176     -0.0993      0.1146      0.0014      0.1343
     35.8532    141.6851     31.4498    590.0457    130.0000     20.0015     20.0000      0.0621     -0.1705      0.1815    193.0347     14.0000     70.0000     -0.0677      0.1191      0.0271      0.1420
     35.8886    141.4742     36.2883    590.0457    150.0000     20.0015     20.0000      0.0723     -0.1987      0.2115    193.0347     14.0000     70.0000     -0.0545      0.1360      0.0336      0.1581
     35.9236    141.2632     41.1267    590.0457    170.0000     20.0015     20.0000      0.0809     -0.2223      0.2366    193.0347     14.0000     70.0000     -0.0356      0.1265      0.0161      0.1376
     35.9582    141.0520     45.9652    590.0457    190.0000     20.0015     20.0000      0.0862     -0.2367      0.2519    193.0347     14.0000     70.0000      0.0357     -0.0117     -0.0072     -0.0222
     35.4572    142.8979      2.4192    610.0472     10.0000     20.0015     20.0000     -0.0338     -0.0929      0.0989    193.0347     14.0000    110.0000     -0.0480      0.0251      0.0013      0.0356
     35.4948    142.6888      7.2577    610.0472     30.0000     20.0015     20.0000     -0.0282     -0.0776      0.0826    193.0347     14.0000    110.0000     -0.0652      0.0457     -0.0178      0.0519
     35.5320    142.4794     12.0961    610.0472     50.0000     20.0015     20.0000     -0.0250     -0.0686      0.0730    193.0347     14.0000    110.0000     -0.0849      0.0522     -0.0378      0.0546
     35.5689    142.2698     16.9345    610.0472     70.0000     20.0015     20.0000     -0.0226     -0.0620      0.0659    193.0347     14.0000    110.0000     -0.1017      0.0560     -0.0426      0.0601
     35.6053    142.0600     21.7730    610.0472     90.0000     20.0015     20.0000     -0.0138     -0.0558      0.0575    193.0347     14.0000    103.9440     -0.1028      0.0613     -0.0348      0.0686
     35.6414    141.8500     26.6114    610.0472    110.0000     20.0015     20.0000     -0.0006     -0.0447      0.0447    193.0347     14.0000     90.7845     -0.0884      0.0771     -0.0195      0.0870
     35.6771    141.6398     31.4498    610.0472    130.0000     20.0015     20.0000      0.0065     -0.0235      0.0244    193.0347     14.0000     74.5005     -0.0725      0.1135     -0.0029      0.1256
     35.7124    141.4295     36.2883    610.0472    150.0000     20.0015     20.0000      0.0000      0.0000      0.0000    193.0347     14.0000      0.0000     -0.0726      0.1593      0.0066      0.1741
     35.7473    141.2189     41.1267    610.0472    170.0000     20.0015     20.0000      0.0000      0.0000      0.0000    193.0347     14.0000      0.0000     -0.0581      0.1575      0.0042      0.1681
     35.7819    141.0082     45.9652    610.0472    190.0000     20.0015     20.0000      0.0000      0.0000      0.0000    193.0347     14.0000      0.0000     -0.0301      0.1333     -0.0037      0.1352
