       latitude      longitude observation     resiual  prediction  correction
       34.29293      136.00264    -0.00630     0.00055    -0.00685     0.00000
       35.08572      136.04120     0.02390     0.02555    -0.00165     0.00000
       34.71065      136.04189    -0.00210     0.00239    -0.00449     0.00000
       36.10973      136.04895     0.01130     0.00284     0.00846     0.00000
       34.56703      136.05039     0.00510     0.01059    -0.00549     0.00000
       35.46629      136.05367    -0.03930    -0.04099     0.00169     0.00000
       34.86933      136.05483    -0.00940    -0.00598    -0.00342     0.00000
       35.83684      136.05598     0.01130     0.00586     0.00544     0.00000
       35.31897      136.06283     0.01430     0.01402     0.00028     0.00000
       35.60256      136.10581    -0.01800    -0.02084     0.00284     0.00000
       34.98638      136.14504     0.00710     0.01007    -0.00297     0.00000
       35.09473      136.15823    -0.01630    -0.01416    -0.00214     0.00000
       36.23117      136.17297    -0.02600    -0.03566     0.00966     0.00000
       34.49387      136.17315    -0.00130     0.00533    -0.00663     0.00000
       34.74287      136.18345     0.03180     0.03682    -0.00502     0.00000
       35.96889      136.18499    -0.01630    -0.02285     0.00655     0.00000
       35.79278      136.19739    -0.02670    -0.03123     0.00453     0.00000
       35.55733      136.19795    -0.02300    -0.02502     0.00202     0.00000
       34.06066      136.19836     0.02150     0.03063    -0.00913     0.00000
       35.26944      136.23561     0.01320     0.01417    -0.00097     0.00000
       35.42036      136.26475    -0.00420    -0.00454     0.00034     0.00000
       36.14562      136.27894    -0.01430    -0.02272     0.00842     0.00000
       34.93073      136.29557    -0.01440    -0.01017    -0.00423     0.00000
       34.64875      136.32976    -0.01290    -0.00636    -0.00654     0.00000
       34.43314      136.33426    -0.01900    -0.01104    -0.00796     0.00000
       35.88822      136.33958     0.00560     0.00046     0.00514     0.00000
       34.20816      136.34293     0.02280     0.03208    -0.00928     0.00000
       36.22956      136.36165    -0.02530    -0.03459     0.00929     0.00000
       34.29793      136.38849    -0.02030    -0.01121    -0.00909     0.00000
       36.39446      136.38894    -0.01540    -0.02680     0.01140     0.00000
       34.85490      136.39326    -0.01040    -0.00499    -0.00541     0.00000
       34.60333      136.43194     0.01330     0.02079    -0.00749     0.00000
       35.35973      136.47031    -0.02950    -0.02819    -0.00131     0.00000
       34.42033      136.47446    -0.00340     0.00555    -0.00895     0.00000
       35.63615      136.48877     0.05130     0.04972     0.00158     0.00000
       34.75900      136.50229    -0.03040    -0.02356    -0.00684     0.00000
       35.10476      136.50376    -0.00800    -0.00403    -0.00397     0.00000
       35.98491      136.50492     0.02310     0.01735     0.00575     0.00000
       34.28507      136.54048     0.03430     0.04447    -0.01017     0.00000
       36.53727      136.54067     0.01590     0.00272     0.01318     0.00000
       35.48006      136.54529     0.02050     0.02095    -0.00045     0.00000
       35.37171      136.54974     0.00080     0.00244    -0.00164     0.00000
       34.54705      136.55066     0.01600     0.02466    -0.00866     0.00000
       35.22791      136.59344    -0.01940    -0.01604    -0.00336     0.00000
       36.37007      136.60533     0.00520    -0.00549     0.01069     0.00000
       35.63290      136.61139     0.01150     0.01057     0.00093     0.00000
       34.43144      136.62840    -0.03200    -0.02205    -0.00995     0.00000
       36.16529      136.63395    -0.01150    -0.01922     0.00772     0.00000
       34.91380      136.63650    -0.01020    -0.00368    -0.00652     0.00000
       36.66341      136.64994    -0.00680    -0.02174     0.01494     0.00000
       35.90141      136.65774    -0.01980    -0.02385     0.00405     0.00000
       35.48832      136.68728     0.01320     0.01438    -0.00118     0.00000
       34.29661      136.69319     0.02450     0.03570    -0.01120     0.00000
       35.05091      136.69425     0.00060     0.00632    -0.00572     0.00000
       37.15674      136.71876    -0.01490    -0.03738     0.02248     0.00000
       34.49000      136.72823    -0.00830     0.00202    -0.01032     0.00000
       35.40513      136.72875     0.00540     0.00777    -0.00237     0.00000
       36.81748      136.75565    -0.00630    -0.02359     0.01729     0.00000
       37.00072      136.77271     0.01330    -0.00688     0.02018     0.00000
       35.72349      136.78462    -0.00860    -0.00969     0.00109     0.00000
       35.30084      136.78882    -0.00200     0.00190    -0.00390     0.00000
       34.37358      136.80200     0.03530     0.04689    -0.01159     0.00000
       36.59209      136.80640    -0.00260    -0.01629     0.01369     0.00000
       34.25344      136.82061    -0.00550     0.00690    -0.01240     0.00000
       35.19011      136.82883     0.00240     0.00774    -0.00534     0.00000
       34.90438      136.83188    -0.00580     0.00223    -0.00803     0.00000
       34.46539      136.85113    -0.01660    -0.00517    -0.01143     0.00000
       34.98439      136.86275    -0.00230     0.00527    -0.00757     0.00000
       35.86694      136.86318    -0.03590    -0.03846     0.00256     0.00000
       34.82336      136.86764     0.01240     0.02139    -0.00899     0.00000
       37.38238      136.88917    -0.01060    -0.03706     0.02646     0.00000
       35.52607      136.90002     0.00630     0.00841    -0.00211     0.00000
       36.26147      136.90427     0.01680     0.00860     0.00820     0.00000
       37.22644      136.90877     0.01440    -0.00966     0.02406     0.00000
       37.85050      136.91927     0.01930    -0.01404     0.03334     0.00000
       36.40188      136.92056     0.01670     0.00632     0.01038     0.00000
       35.33476      136.92998    -0.02220    -0.01764    -0.00456     0.00000
       34.74005      136.93848     0.01190     0.02213    -0.01023     0.00000
       36.03305      136.95276     0.00560     0.00113     0.00447     0.00000
       35.16842      136.96580    -0.01600    -0.00938    -0.00662     0.00000
       35.75778      136.97530    -0.00040    -0.00078     0.00038     0.00000
       34.54391      136.98175     0.04120     0.05320    -0.01200     0.00000
       37.12316      136.99607     0.00770    -0.01484     0.02254     0.00000
       36.74062      136.99613    -0.01160    -0.02752     0.01592     0.00000
       36.91951      137.02643    -0.02380    -0.04283     0.01903     0.00000
       36.64956      137.03190    -0.01210    -0.02639     0.01429     0.00000
       37.43226      137.03394     0.01280    -0.01503     0.02783     0.00000
       35.12811      137.04128    -0.01910    -0.01145    -0.00765     0.00000
       34.99499      137.05978    -0.00450     0.00460    -0.00910     0.00000
       34.60924      137.06807     0.00020     0.01251    -0.01231     0.00000
       35.23909      137.07357    -0.02680    -0.02004    -0.00676     0.00000
       36.14026      137.08053    -0.03640    -0.04188     0.00548     0.00000
       35.36737      137.11023    -0.02160    -0.01598    -0.00562     0.00000
       34.79487      137.11900    -0.00990     0.00147    -0.01137     0.00000
       35.47870      137.12469     0.00610     0.01049    -0.00439     0.00000
       37.30697      137.13854     0.04850     0.02242     0.02608     0.00000
       36.33551      137.14717     0.01600     0.00757     0.00843     0.00000
       34.91734      137.15239    -0.01020     0.00044    -0.01064     0.00000
       36.75795      137.15447     0.00700    -0.00904     0.01604     0.00000
       35.61209      137.17414     0.01830     0.02136    -0.00306     0.00000
       36.63434      137.19520     0.00130    -0.01235     0.01365     0.00000
       35.91163      137.20067    -0.00520    -0.00630     0.00110     0.00000
       36.47280      137.23922    -0.02120    -0.03170     0.01050     0.00000
       35.80048      137.24837    -0.00270    -0.00174    -0.00096     0.00000
       35.30055      137.25232    -0.00300     0.00467    -0.00767     0.00000
       35.13875      137.25356    -0.01110    -0.00164    -0.00946     0.00000
       37.44603      137.27005     0.00420    -0.02482     0.02902     0.00000
       34.64866      137.27784    -0.00290     0.01110    -0.01400     0.00000
       34.91975      137.29994    -0.02310    -0.01105    -0.01205     0.00000
       35.52313      137.30909     0.00120     0.00663    -0.00543     0.00000
       35.03946      137.31316     0.01850     0.02956    -0.01106     0.00000
       34.78591      137.33877    -0.00270     0.01088    -0.01358     0.00000
       36.13599      137.34791    -0.01700    -0.02079     0.00379     0.00000
       36.28564      137.36302    -0.00270    -0.00911     0.00641     0.00000
       36.73696      137.36951     0.00010    -0.01509     0.01519     0.00000
       35.26197      137.40561    -0.02500    -0.01537    -0.00963     0.00000
       34.96748      137.42313    -0.00710     0.00579    -0.01289     0.00000
       35.65719      137.42477    -0.01560    -0.01096    -0.00464     0.00000
       34.86482      137.43400     0.00400     0.01793    -0.01393     0.00000
       36.57871      137.43990     0.00420    -0.00753     0.01173     0.00000
       34.68038      137.44245     0.01770     0.03318    -0.01548     0.00000
       35.81555      137.45088    -0.01380    -0.01134    -0.00246     0.00000
       35.39676      137.46757     0.00830     0.01695    -0.00865     0.00000
       36.92896      137.48723     0.01870    -0.00026     0.01896     0.00000
       34.71805      137.51493    -0.02240    -0.00640    -0.01600     0.00000
       35.57509      137.52878    -0.04560    -0.03871    -0.00689     0.00000
       35.97346      137.53487     0.00450     0.00507    -0.00057     0.00000
       36.86434      137.55133     0.01390    -0.00353     0.01743     0.00000
       34.80873      137.55434     0.00290     0.01864    -0.01574     0.00000
       35.10002      137.57533    -0.02700    -0.01370    -0.01330     0.00000
       34.93768      137.57549     0.01850     0.03338    -0.01488     0.00000
       35.24700      137.58767    -0.00180     0.01002    -0.01182     0.00000
       35.88000      137.59827    -0.00520    -0.00239    -0.00281     0.00000
       35.66123      137.62016     0.01090     0.01750    -0.00660     0.00000
       34.70212      137.63688     0.04780     0.06533    -0.01753     0.00000
       34.83533      137.67234     0.01650     0.03343    -0.01693     0.00000
       35.34373      137.67640     0.00220     0.01391    -0.01171     0.00000
       34.75204      137.68078     0.01300     0.03069    -0.01769     0.00000
       36.08466      137.68263    -0.00750    -0.00758     0.00008     0.00000
       35.07929      137.69524     0.01610     0.03107    -0.01497     0.00000
       35.78362      137.69626     0.00820     0.01370    -0.00550     0.00000
       34.67231      137.72338    -0.00250     0.01630    -0.01880     0.00000
       35.94460      137.78544    -0.00340     0.00027    -0.00367     0.00000
       34.79284      137.79179     0.04210     0.06089    -0.01879     0.00000
       35.77753      137.81448     0.04250     0.04951    -0.00701     0.00000
       35.52109      137.81524    -0.01630    -0.00522    -0.01108     0.00000
       34.94134      137.81794     0.00910     0.02699    -0.01789     0.00000
       34.67188      137.82342     0.04110     0.06117    -0.02007     0.00000
       36.49977      137.85112    -0.00500    -0.01244     0.00744     0.00000
       35.16045      137.86876    -0.00730     0.00911    -0.01641     0.00000
       36.22837      137.87175     0.02560     0.02452     0.00108     0.00000
       36.70647      137.87233     0.00940    -0.00290     0.01230     0.00000
       37.04517      137.87385     0.01740    -0.00350     0.02090     0.00000
       36.95087      137.89387     0.02410     0.00569     0.01841     0.00000
       36.32237      137.90282     0.02450     0.02166     0.00284     0.00000
       34.75539      137.91128    -0.01490     0.00577    -0.02067     0.00000
       35.31714      137.92527     0.00170     0.01707    -0.01537     0.00000
       34.84386      137.93215    -0.00380     0.01649    -0.02029     0.00000
       34.67042      137.93744    -0.00730     0.01431    -0.02161     0.00000
       35.92358      137.94381    -0.01470    -0.00867    -0.00603     0.00000
       34.90205      137.94681     0.02220     0.04222    -0.02002     0.00000
       35.03152      137.98042     0.01430     0.03364    -0.01934     0.00000
       36.12111      137.98301    -0.03260    -0.03007    -0.00253     0.00000
       35.72629      137.98389     0.01300     0.02316    -0.01016     0.00000
       36.23903      137.98455     0.01360     0.01356     0.00004     0.00000
       34.78595      138.01753    -0.02030     0.00166    -0.02196     0.00000
       35.55613      138.03832     0.00830     0.02204    -0.01374     0.00000
       34.66641      138.04652     0.00330     0.02648    -0.02318     0.00000
       34.71525      138.05354    -0.02220     0.00077    -0.02297     0.00000
       34.93980      138.07486     0.00000     0.02160    -0.02160     0.00000
       35.04488      138.08168    -0.00530     0.01546    -0.02076     0.00000
       35.87842      138.09571     0.01490     0.02396    -0.00906     0.00000
       36.70665      138.09673    -0.01220    -0.02277     0.01057     0.00000
       34.67992      138.09829     0.01640     0.04026    -0.02386     0.00000
       37.16079      138.10019     0.00060    -0.02276     0.02336     0.00000
       36.52360      138.12095    -0.01320    -0.01860     0.00540     0.00000
       34.64290      138.12929    -0.00340     0.02114    -0.02454     0.00000
       35.10391      138.13490    -0.02480    -0.00378    -0.02102     0.00000
       34.75776      138.13692     0.00000     0.02395    -0.02395     0.00000
       34.63454      138.15904     0.01870     0.04373    -0.02503     0.00000
       34.84941      138.17674    -0.05260    -0.02867    -0.02393     0.00000
       34.67775      138.18296    -0.00330     0.02186    -0.02516     0.00000
       35.32207      138.18578    -0.02720    -0.00780    -0.01940     0.00000
       36.86540      138.19867    -0.01580    -0.02998     0.01418     0.00000
       35.06697      138.20998     0.00040     0.02303    -0.02263     0.00000
       36.02616      138.21448     0.01630     0.02422    -0.00792     0.00000
       34.60315      138.21525     0.01690     0.04296    -0.02606     0.00000
       36.20847      138.21649    -0.00030     0.00352    -0.00382     0.00000
       34.73831      138.22560    -0.01050     0.01497    -0.02547     0.00000
       37.05668      138.24259     0.00460    -0.01500     0.01960     0.00000
       36.66515      138.24747     0.01160     0.00376     0.00784     0.00000
       34.95435      138.24990     0.00430     0.02861    -0.02431     0.00000
       35.20098      138.25351     0.04220     0.06421    -0.02201     0.00000
       37.81590      138.27307     0.03100    -0.01081     0.04181     0.00000
       35.85598      138.31640     0.00620     0.01941    -0.01321     0.00000
       36.38618      138.32252     0.02220     0.02317    -0.00097     0.00000
       34.83617      138.33122     0.01200     0.03859    -0.02659     0.00000
       37.23112      138.33357     0.04900     0.02447     0.02453     0.00000
       36.13311      138.36204     0.01880     0.02684    -0.00804     0.00000
       36.26099      138.36604    -0.01060    -0.00563    -0.00497     0.00000
       35.10346      138.36870    -0.01620     0.00890    -0.02510     0.00000
       38.02369      138.36988     0.02690    -0.02070     0.04760     0.00000
       34.99052      138.37830     0.02170     0.04798    -0.02628     0.00000
       36.80171      138.43617     0.03600     0.02635     0.00965     0.00000
       35.90493      138.44421     0.01000     0.02470    -0.01470     0.00000
       35.44358      138.44525     0.00190     0.02454    -0.02264     0.00000
       35.28946      138.44570    -0.01520     0.00941    -0.02461     0.00000
       35.67369      138.45682    -0.01770     0.00163    -0.01933     0.00000
       37.10708      138.45736    -0.03350    -0.05308     0.01958     0.00000
       36.13064      138.46097    -0.01490    -0.00492    -0.00998     0.00000
       38.06328      138.47168     0.06590     0.01660     0.04930     0.00000
       36.28471      138.49928    -0.02470    -0.01787    -0.00683     0.00000
       38.31935      138.51309     0.03510    -0.02014     0.05524     0.00000
       34.98650      138.51568     0.00900     0.03791    -0.02891     0.00000
       37.34854      138.51637     0.01810    -0.00937     0.02747     0.00000
       35.06741      138.52471    -0.00760     0.02084    -0.02844     0.00000
       36.50800      138.55271     0.03280     0.03431    -0.00151     0.00000
       35.36208      138.56343    -0.01560     0.01060    -0.02620     0.00000
       37.39768      138.57440     0.01440    -0.01446     0.02886     0.00000
       35.97415      138.58303    -0.00440     0.01182    -0.01622     0.00000
       35.59034      138.58330    -0.01990     0.00355    -0.02345     0.00000
       36.61632      138.59145    -0.00350    -0.00464     0.00114     0.00000
       35.46769      138.60687     0.02950     0.05529    -0.02579     0.00000
       37.07913      138.60872     0.01810     0.00115     0.01695     0.00000
       35.11715      138.60997    -0.01230     0.01748    -0.02978     0.00000
       35.20318      138.61699     0.04560     0.07473    -0.02913     0.00000
       36.85669      138.62425     0.01530     0.00661     0.00869     0.00000
       37.21211      138.63460     0.02320     0.00164     0.02156     0.00000
       36.34601      138.63780     0.00590     0.01398    -0.00808     0.00000
       35.64952      138.69038     0.00930     0.03434    -0.02504     0.00000
       35.74687      138.69513     0.01460     0.03809    -0.02349     0.00000
       37.53583      138.70694     0.01510    -0.01804     0.03314     0.00000
       35.17359      138.72154     0.01310     0.04485    -0.03175     0.00000
       35.36077      138.72730    -0.01570     0.01427    -0.02997     0.00000
       34.69025      138.76279    -0.02930     0.00610    -0.03540     0.00000
       35.30554      138.77067    -0.00910     0.02254    -0.03164     0.00000
       34.85503      138.77652    -0.01230     0.02278    -0.03508     0.00000
       37.49866      138.77954     0.03280     0.00159     0.03121     0.00000
       37.66752      138.78051     0.01380    -0.02390     0.03770     0.00000
       34.77607      138.78606    -0.01760     0.01800    -0.03560     0.00000
       37.31131      138.78998     0.03200     0.00840     0.02360     0.00000
       34.97057      138.79466     0.00610     0.04099    -0.03489     0.00000
       35.49659      138.81404    -0.02400     0.00648    -0.03048     0.00000
       36.99346      138.83084     0.04590     0.03591     0.00999     0.00000
       34.61000      138.83842     0.00920     0.04630    -0.03710     0.00000
       36.59138      138.84789     0.02590     0.03147    -0.00557     0.00000
       36.25903      138.86541    -0.01180     0.00468    -0.01648     0.00000
       34.71947      138.87647    -0.00070     0.03698    -0.03768     0.00000
       37.77699      138.88044     0.03080    -0.01062     0.04142     0.00000
       35.32160      138.88165    -0.02100     0.01329    -0.03429     0.00000
       35.11002      138.90186     0.01690     0.05346    -0.03656     0.00000
       36.69703      138.90626    -0.01380    -0.01041    -0.00339     0.00000
       35.04724      138.90689    -0.03360     0.00348    -0.03708     0.00000
       36.14275      138.91242     0.00180     0.02282    -0.02102     0.00000
       37.58974      138.92028     0.01640    -0.01724     0.03364     0.00000
       34.86559      138.92225    -0.03420     0.00408    -0.03828     0.00000
       34.91611      138.92482    -0.04000    -0.00185    -0.03815     0.00000
       35.92993      138.92605     0.00080     0.02717    -0.02637     0.00000
       35.20439      138.92835    -0.05790    -0.02135    -0.03655     0.00000
       37.16604      138.93372    -0.02440    -0.03947     0.01507     0.00000
       34.69890      138.93933     0.01190     0.05097    -0.03907     0.00000
       36.77806      138.94482    -0.00580    -0.00440    -0.00140     0.00000
       35.75387      138.94999    -0.00940     0.02105    -0.03045     0.00000
       35.11417      138.97387    -0.03420     0.00416    -0.03836     0.00000
       35.62335      138.97585    -0.00880     0.02449    -0.03329     0.00000
       37.89647      138.98886     0.01350    -0.03204     0.04554     0.00000
       34.75135      138.98982    -0.02010     0.02001    -0.04011     0.00000
       35.01483      138.99793     0.01560     0.05511    -0.03951     0.00000
       37.46772      138.99801     0.02420    -0.00313     0.02733     0.00000
       34.92182      139.01369     0.00540     0.04567    -0.04027     0.00000
       36.39535      139.01671     0.02220     0.03951    -0.01731     0.00000
       37.31987      139.02025     0.01250    -0.00766     0.02016     0.00000
       35.51187      139.02578     0.00240     0.03868    -0.03628     0.00000
       35.41535      139.04518     0.00670     0.04462    -0.03792     0.00000
       35.24552      139.04934    -0.04870    -0.00918    -0.03952     0.00000
       36.53926      139.05673    -0.03920    -0.02524    -0.01396     0.00000
       37.66230      139.05912     0.01270    -0.02252     0.03522     0.00000
       36.83735      139.06085    -0.02020    -0.01761    -0.00259     0.00000
       36.23467      139.06664     0.00860     0.03243    -0.02383     0.00000
       34.94976      139.06990    -0.00250     0.03908    -0.04158     0.00000
       37.75206      139.07391     0.03620    -0.00282     0.03902     0.00000
       35.98689      139.07569    -0.00490     0.02527    -0.03017     0.00000
       35.00685      139.08197     0.03560     0.07730    -0.04170     0.00000
       34.97186      139.10169    -0.00980     0.03253    -0.04233     0.00000
       35.14860      139.11044    -0.01990     0.02195    -0.04185     0.00000
       37.54034      139.11145    -0.02870    -0.05746     0.02876     0.00000
       34.87847      139.12436    -0.00410     0.03903    -0.04313     0.00000
       34.93931      139.13116     0.02050     0.06368    -0.04318     0.00000
       34.20048      139.13445     0.01000     0.05224    -0.04224     0.00000
       34.23991      139.13757    -0.01140     0.03106    -0.04246     0.00000
       35.26860      139.14241    -0.03450     0.00756    -0.04206     0.00000
       35.61027      139.15723    -0.04260    -0.00327    -0.03933     0.00000
       35.33621      139.16260     0.01020     0.05240    -0.04220     0.00000
       35.04063      139.17103    -0.01050     0.03348    -0.04398     0.00000
       35.88405      139.18220    -0.02420     0.01195    -0.03615     0.00000
       35.42852      139.20487    -0.02160     0.02122    -0.04282     0.00000
       34.33312      139.21094     0.02540     0.06966    -0.04426     0.00000
       36.76969      139.22490    -0.02750    -0.01574    -0.01176     0.00000
       37.82816      139.22604     0.02370    -0.01686     0.04056     0.00000
       37.15762      139.24711     0.00200    -0.00371     0.00571     0.00000
       38.46539      139.25335     0.07390     0.01000     0.06390     0.00000
       36.26769      139.25464     0.02170     0.05240    -0.03070     0.00000
       34.37183      139.25791    -0.05240    -0.00702    -0.04538     0.00000
       35.30490      139.26269     0.01970     0.06529    -0.04559     0.00000
       35.72376      139.26813    -0.01910     0.02285    -0.04195     0.00000
       36.00374      139.26933    -0.05060    -0.01311    -0.03749     0.00000
       34.51963      139.27093    -0.01480     0.03145    -0.04625     0.00000
       35.48264      139.32258    -0.01630     0.03017    -0.04647     0.00000
       36.42163      139.33039    -0.00860     0.02132    -0.02992     0.00000
       36.12095      139.34517    -0.01080     0.02779    -0.03859     0.00000
       37.92938      139.35146     0.02370    -0.01967     0.04337     0.00000
       34.73761      139.35859    -0.01070     0.03834    -0.04904     0.00000
       37.30280      139.36435    -0.00160    -0.01046     0.00886     0.00000
       35.80080      139.36597    -0.02400     0.02098    -0.04498     0.00000
       35.39149      139.36606    -0.04300     0.00563    -0.04863     0.00000
       35.61643      139.36990    -0.01850     0.02866    -0.04716     0.00000
       34.78442      139.38139     0.01360     0.06336    -0.04976     0.00000
       37.03693      139.40223    -0.01190    -0.00425    -0.00765     0.00000
       34.68679      139.43322    -0.02130     0.02949    -0.05079     0.00000
       34.76154      139.43402    -0.00570     0.04540    -0.05110     0.00000
       42.06050      139.44615     0.01420     0.00420     0.01000     0.00000
       38.05618      139.46168    -0.00960    -0.05706     0.04746     0.00000
       35.92550      139.46429    -0.02780     0.02016    -0.04796     0.00000
       35.32668      139.46607    -0.00580     0.04670    -0.05250     0.00000
       35.52141      139.46784     0.00020     0.05200    -0.05180     0.00000
       37.68591      139.47789    -0.01020    -0.03707     0.02687     0.00000
       34.07578      139.47881    -0.05250    -0.00471    -0.04779     0.00000
       35.71037      139.48826    -0.03120     0.02020    -0.05140     0.00000
       36.62417      139.49059     0.01960     0.05198    -0.03238     0.00000
       37.28149      139.50377     0.04500     0.04420     0.00080     0.00000
       34.12107      139.50385     0.02500     0.07364    -0.04864     0.00000
       36.87225      139.50531    -0.01130     0.01112    -0.02242     0.00000
       38.23069      139.50957     0.00670    -0.04784     0.05454     0.00000
       42.15355      139.51960     0.02460     0.01658     0.00802     0.00000
       35.41927      139.52192    -0.00980     0.04458    -0.05438     0.00000
       37.47346      139.52863    -0.00650    -0.01803     0.01153     0.00000
       38.51120      139.53382     0.05750    -0.00690     0.06440     0.00000
       36.29516      139.54230    -0.02650     0.01948    -0.04598     0.00000
       34.05911      139.54715    -0.01490     0.03400    -0.04890     0.00000
       39.18556      139.54766     0.04660    -0.02570     0.07230     0.00000
       34.09376      139.56176     0.03160     0.08109    -0.04949     0.00000
       37.09725      139.58616    -0.03040    -0.01463    -0.01577     0.00000
       35.16087      139.61384    -0.01490     0.04293    -0.05783     0.00000
       36.66598      139.61925    -0.01610     0.02428    -0.04038     0.00000
       35.66370      139.63065    -0.13140    -0.07298    -0.05842     0.00000
       36.08723      139.63672    -0.04000     0.01589    -0.05589     0.00000
       35.75803      139.64454    -0.05180     0.00699    -0.05879     0.00000
       35.93747      139.65186    -0.02410     0.03414    -0.05824     0.00000
       35.43648      139.65375    -0.00760     0.05217    -0.05977     0.00000
       35.26709      139.66484    -0.02120     0.03878    -0.05998     0.00000
       35.56340      139.67335    -0.03860     0.02204    -0.06064     0.00000
       38.70117      139.67453     0.03140    -0.03665     0.06805     0.00000
       37.32621      139.68635    -0.03670    -0.02831    -0.00839     0.00000
       36.40185      139.72642    -0.03900     0.01897    -0.05797     0.00000
       38.14618      139.74225    -0.00130    -0.04542     0.04412     0.00000
       36.53763      139.75279    -0.02300     0.03414    -0.05714     0.00000
       39.96790      139.77615    -0.00170    -0.05885     0.05715     0.00000
       37.64370      139.79151    -0.01020    -0.01722     0.00702     0.00000
       35.89597      139.79599    -0.02890     0.03867    -0.06757     0.00000
       36.01090      139.79993    -0.05160     0.01632    -0.06792     0.00000
       36.97958      139.80575    -0.04370    -0.00051    -0.04319     0.00000
       38.89460      139.80885     0.05790    -0.01217     0.07007     0.00000
       36.20367      139.81053    -0.03070     0.03758    -0.06828     0.00000
       35.78021      139.81281    -0.03830     0.03005    -0.06835     0.00000
       35.31170      139.82552    -0.07010    -0.00344    -0.06666     0.00000
       38.59404      139.83177     0.01440    -0.04768     0.06208     0.00000
       37.46129      139.83552    -0.04880    -0.03763    -0.01117     0.00000
       39.89113      139.84893     0.03400    -0.02493     0.05893     0.00000
       36.77637      139.85426    -0.02720     0.03282    -0.06002     0.00000
       42.45073      139.85767    -0.00750    -0.00843     0.00093     0.00000
       34.95408      139.86408    -0.00560     0.05969    -0.06529     0.00000
       37.26107      139.87143    -0.01930     0.01173    -0.03103     0.00000
       37.92058      139.87941     0.00510    -0.01652     0.02162     0.00000
       35.67546      139.90235    -0.02030     0.05274    -0.07304     0.00000
       36.45658      139.90251    -0.06000     0.01579    -0.07579     0.00000
       39.20606      139.90772     0.06550    -0.00531     0.07081     0.00000
       36.59895      139.92347    -0.06820     0.00753    -0.07573     0.00000
       39.01597      139.92750     0.04230    -0.02741     0.06971     0.00000
       40.57764      139.92812     0.00910    -0.02727     0.03637     0.00000
       36.11481      139.93150    -0.05010     0.02939    -0.07949     0.00000
       38.75972      139.95737     0.03720    -0.02659     0.06379     0.00000
       35.14380      139.96847    -0.02190     0.04913    -0.07103     0.00000
       37.66929      139.97266    -0.02950    -0.02186    -0.00764     0.00000
       35.00279      139.97489    -0.01030     0.05936    -0.06966     0.00000
       36.30070      139.98777    -0.06450     0.02271    -0.08721     0.00000
       35.94029      139.99272    -0.05900     0.02370    -0.08270     0.00000
       42.13085      140.00395    -0.01980    -0.02205     0.00225     0.00000
       40.09970      140.00550     0.02120    -0.02974     0.05094     0.00000
       40.73063      140.01099     0.00120    -0.02922     0.03042     0.00000
       42.68534      140.01178    -0.02530    -0.02253    -0.00277     0.00000
       35.78647      140.02475    -0.02250     0.05987    -0.08237     0.00000
       40.33940      140.02757     0.03710    -0.00557     0.04267     0.00000
       37.12470      140.03541    -0.04160     0.02386    -0.06546     0.00000
       36.85423      140.03926    -0.08510    -0.00047    -0.08463     0.00000
       41.46638      140.04065     0.01070    -0.00099     0.01169     0.00000
       39.82581      140.04472     0.03010    -0.02881     0.05891     0.00000
       35.65721      140.04809    -0.02160     0.05995    -0.08155     0.00000
       39.39870      140.04824     0.06090    -0.00673     0.06763     0.00000
       40.24730      140.04868     0.03360    -0.01185     0.04545     0.00000
       35.44778      140.05133    -0.08260    -0.00420    -0.07840     0.00000
       39.52756      140.05393     0.04410    -0.02164     0.06574     0.00000
       41.80303      140.07123    -0.01060    -0.01607     0.00547     0.00000
       37.56695      140.07268    -0.04760    -0.01745    -0.03015     0.00000
       38.19754      140.07757    -0.00940    -0.03585     0.02645     0.00000
       36.36491      140.07795    -0.07450     0.02608    -0.10058     0.00000
       35.11186      140.07927    -0.04550     0.02947    -0.07497     0.00000
       36.10364      140.08631    -0.04470     0.05096    -0.09566     0.00000
       36.10558      140.08712    -0.06600     0.02981    -0.09581     0.00000
       36.10611      140.08719    -0.04870     0.04713    -0.09583     0.00000
       36.10568      140.08750    -0.05500     0.04085    -0.09585     0.00000
       37.96361      140.09353    -0.04930    -0.05448     0.00518     0.00000
       38.43434      140.09463    -0.01320    -0.05484     0.04164     0.00000
       42.00807      140.10732     0.00630     0.00415     0.00215     0.00000
       39.93605      140.13238     0.02170    -0.03268     0.05438     0.00000
       37.42451      140.13588    -0.07720    -0.02206    -0.05514     0.00000
       35.87365      140.14549    -0.06890     0.02512    -0.09402     0.00000
       35.33314      140.14679    -0.00910     0.07210    -0.08120     0.00000
       36.69246      140.15769    -0.06690     0.04849    -0.11539     0.00000
       39.16421      140.16198     0.05130    -0.01395     0.06525     0.00000
       36.95231      140.16476    -0.07980     0.02510    -0.10490     0.00000
       36.26327      140.17426    -0.07800     0.03532    -0.11332     0.00000
       36.54222      140.17931    -0.11080     0.01071    -0.12151     0.00000
       38.93810      140.18347     0.00820    -0.05175     0.05995     0.00000
       35.54414      140.18656    -0.03210     0.05524    -0.08734     0.00000
       38.28898      140.19992    -0.00950    -0.03056     0.02106     0.00000
       36.03134      140.20244    -0.06060     0.04574    -0.10634     0.00000
       37.61595      140.20565    -0.08980    -0.04251    -0.04729     0.00000
       37.29304      140.21275    -0.07330     0.01176    -0.08506     0.00000
       38.62841      140.22051    -0.01110    -0.05459     0.04349     0.00000
       42.78643      140.23320    -0.00680    -0.00075    -0.00605     0.00000
       39.65831      140.23421     0.04810    -0.01185     0.05995     0.00000
       35.28838      140.24916    -0.04920     0.03585    -0.08505     0.00000
       42.24368      140.25048    -0.02060    -0.01804    -0.00256     0.00000
       37.12629      140.25993    -0.11310     0.00143    -0.11453     0.00000
       40.27116      140.26366     0.02570    -0.01509     0.04079     0.00000
       35.16590      140.26802    -0.04710     0.03638    -0.08348     0.00000
       38.14810      140.27114    -0.05070    -0.04926    -0.00144     0.00000
       40.77898      140.27298     0.04220     0.01826     0.02394     0.00000
       39.29674      140.27893     0.03080    -0.03130     0.06210     0.00000
       36.65057      140.29342    -0.13400     0.01719    -0.15119     0.00000
       41.12172      140.29353    -0.01590    -0.03015     0.01425     0.00000
       40.57518      140.29499     0.01630    -0.01351     0.02981     0.00000
       36.77896      140.29649    -0.10440     0.04569    -0.15009     0.00000
       35.71745      140.31515    -0.06670     0.03423    -0.10093     0.00000
       41.59903      140.31589    -0.01510    -0.01933     0.00423     0.00000
       35.53012      140.31824    -0.02370     0.07054    -0.09424     0.00000
       38.75860      140.31874    -0.00200    -0.04456     0.04256     0.00000
       37.36182      140.32439    -0.07650     0.02897    -0.10547     0.00000
       35.42113      140.33737    -0.02140     0.07079    -0.09219     0.00000
       36.09694      140.34315    -0.06700     0.06255    -0.12955     0.00000
       42.49436      140.35420     0.00760     0.01363    -0.00603     0.00000
       38.49677      140.36515    -0.01480    -0.03217     0.01737     0.00000
       38.33103      140.36609    -0.04050    -0.04186     0.00136     0.00000
       41.93485      140.37123     0.00090     0.00235    -0.00145     0.00000
       37.62073      140.37290    -0.03640     0.04859    -0.08499     0.00000
       37.02358      140.37627    -0.14610     0.01539    -0.16149     0.00000
       35.24324      140.38491    -0.03620     0.05386    -0.09006     0.00000
       36.47585      140.38569    -0.12960     0.04367    -0.17327     0.00000
       39.54929      140.38662     0.02580    -0.03168     0.05748     0.00000
       38.17044      140.39388    -0.11260    -0.09132    -0.02128     0.00000
       40.00688      140.40199     0.03670    -0.00974     0.04644     0.00000
       35.97041      140.40295    -0.07780     0.04790    -0.12570     0.00000
       35.80333      140.40701    -0.05850     0.05393    -0.11243     0.00000
       40.18332      140.40815     0.00760    -0.03282     0.04042     0.00000
       36.86209      140.41327    -0.16690     0.02108    -0.18798     0.00000
       37.98993      140.44257    -0.09890    -0.04402    -0.05488     0.00000
       37.83350      140.44679    -0.09470    -0.01775    -0.07695     0.00000
       39.05438      140.44733     0.02870    -0.01812     0.04682     0.00000
       35.64235      140.44830    -0.06610     0.03972    -0.10582     0.00000
       37.21056      140.45097    -0.13920     0.02863    -0.16783     0.00000
       40.91018      140.45157    -0.00130    -0.01719     0.01589     0.00000
       37.44487      140.46403    -0.18890    -0.05028    -0.13862     0.00000
       37.68331      140.46649    -0.06880     0.03537    -0.10417     0.00000
       36.34437      140.47633    -0.17860     0.00829    -0.18689     0.00000
       40.62435      140.47853     0.02370     0.00009     0.02361     0.00000
       41.18508      140.49077     0.02470     0.01656     0.00814     0.00000
       38.75216      140.49726    -0.05660    -0.07728     0.02068     0.00000
       36.74303      140.49760    -0.21730     0.01063    -0.22793     0.00000
       39.19910      140.50669     0.00020    -0.04767     0.04787     0.00000
       41.71133      140.53503     0.00680     0.00879    -0.00199     0.00000
       39.92139      140.53586     0.01740    -0.02756     0.04496     0.00000
       42.98525      140.54394    -0.00690     0.00375    -0.01065     0.00000
       36.18131      140.54448    -0.12090     0.05607    -0.17697     0.00000
       39.32700      140.55978     0.02840    -0.01939     0.04779     0.00000
       37.08930      140.56164    -0.23690    -0.00204    -0.23486     0.00000
       42.09861      140.56886     0.00450     0.01124    -0.00674     0.00000
       37.59109      140.57165    -0.15210     0.00564    -0.15774     0.00000
       40.32505      140.57735     0.02470    -0.00590     0.03060     0.00000
       40.52365      140.57815     0.03830     0.01438     0.02392     0.00000
       40.70628      140.58922     0.00260    -0.01524     0.01784     0.00000
       39.50814      140.59609     0.03130    -0.01688     0.04818     0.00000
       39.74916      140.59704    -0.01270    -0.05926     0.04656     0.00000
       42.80272      140.60352    -0.03230    -0.02135    -0.01095     0.00000
       36.53993      140.61184    -0.23700     0.03070    -0.26770     0.00000
       39.05190      140.62959    -0.06200    -0.08937     0.02737     0.00000
       41.04322      140.63589     0.01180     0.00439     0.00741     0.00000
       37.98441      140.64564    -0.12320     0.00157    -0.12477     0.00000
       35.77730      140.64682    -0.05170     0.07375    -0.12545     0.00000
       35.95545      140.65924    -0.11020     0.03938    -0.14958     0.00000
       37.32547      140.66211    -0.23730     0.01232    -0.24962     0.00000
       42.12314      140.66687    -0.00480     0.00399    -0.00879     0.00000
       36.93262      140.69015    -0.35840    -0.02832    -0.33008     0.00000
       39.14620      140.71505    -0.04510    -0.06861     0.02351     0.00000
       41.97669      140.71544    -0.01230    -0.00364    -0.00866     0.00000
       37.18309      140.71600    -0.28870     0.02118    -0.30988     0.00000
       37.82460      140.72766    -0.22820    -0.03505    -0.19315     0.00000
       38.57181      140.72772    -0.07960    -0.02333    -0.05627     0.00000
       39.70268      140.73285     0.01070    -0.02973     0.04043     0.00000
       41.82607      140.74783    -0.01740    -0.00935    -0.00805     0.00000
       36.80031      140.75391    -0.39310    -0.01481    -0.37829     0.00000
       38.25775      140.75470    -0.13060    -0.00449    -0.12611     0.00000
       37.56055      140.75507    -0.24090     0.01839    -0.25929     0.00000
       42.55138      140.76762    -0.01260     0.00007    -0.01267     0.00000
       39.35130      140.76918    -0.01930    -0.05007     0.03077     0.00000
       40.21544      140.78733     0.02900     0.00259     0.02641     0.00000
       38.74894      140.80164    -0.08340    -0.03480    -0.04860     0.00000
       40.64357      140.80335     0.01600     0.00361     0.01239     0.00000
       42.04297      140.80554     0.02240     0.03344    -0.01104     0.00000
       37.33670      140.80845    -0.28670     0.05487    -0.34157     0.00000
       40.83441      140.81054     0.03660     0.02972     0.00688     0.00000
       41.14555      140.82199     0.03020     0.03072    -0.00052     0.00000
       42.64629      140.82568    -0.00440     0.00943    -0.01383     0.00000
       38.93403      140.83319    -0.07930    -0.05464    -0.02466     0.00000
       39.55446      140.83632    -0.02410    -0.05639     0.03229     0.00000
       35.72636      140.83723    -0.06120     0.06255    -0.12375     0.00000
       37.01845      140.84165    -0.49210    -0.06221    -0.42989     0.00000
       38.02966      140.84399    -0.20780     0.01699    -0.22479     0.00000
       38.54622      140.84787    -0.13420    -0.02445    -0.10975     0.00000
       38.41176      140.85137    -0.16300    -0.01987    -0.14313     0.00000
       42.47390      140.87637    -0.00280     0.01148    -0.01428     0.00000
       41.45530      140.88051     0.01040     0.01773    -0.00733     0.00000
       42.85789      140.88334    -0.01540    -0.00044    -0.01496     0.00000
       42.55793      140.89880    -0.02940    -0.01456    -0.01484     0.00000
       37.09071      140.90251    -0.49940    -0.03406    -0.46534     0.00000
       37.80067      140.90808    -0.32090     0.00169    -0.32259     0.00000
       41.74059      140.92933     0.06890     0.08060    -0.01170     0.00000
       40.44763      140.94159     0.02410     0.01169     0.01241     0.00000
       42.37421      140.94241    -0.00830     0.00692    -0.01522     0.00000
       38.17712      140.94369    -0.24160     0.02312    -0.26472     0.00000
       38.31749      140.95418    -0.28200    -0.04730    -0.23470     0.00000
       39.70109      140.96450     0.01850    -0.00629     0.02479     0.00000
       41.19966      140.98381     0.00330     0.01020    -0.00690     0.00000
       39.12701      140.98846    -0.07130    -0.04142    -0.02988     0.00000
       40.92116      140.99023     0.03160     0.03356    -0.00196     0.00000
       38.68613      141.00433    -0.16860    -0.01518    -0.15342     0.00000
       40.10675      141.04646     0.02290     0.00670     0.01620     0.00000
       39.95308      141.06633     0.00920    -0.00831     0.01751     0.00000
       42.66788      141.07496    -0.01120     0.00664    -0.01784     0.00000
       40.29108      141.07647     0.01220     0.00224     0.00996     0.00000
       42.42055      141.08106    -0.00310     0.01478    -0.01788     0.00000
       41.46616      141.09447    -0.01710    -0.00310    -0.01400     0.00000
       40.57998      141.10602     0.02560     0.02475     0.00085     0.00000
       40.86236      141.13181     0.05060     0.05733    -0.00673     0.00000
       41.83400      141.14218    -0.00340     0.01449    -0.01789     0.00000
       38.53948      141.14754    -0.34770    -0.02524    -0.32246     0.00000
       38.99546      141.14852    -0.17890    -0.05913    -0.11977     0.00000
       38.66063      141.16072    -0.28580    -0.01046    -0.27534     0.00000
       39.85125      141.16486     0.00130    -0.00883     0.01013     0.00000
       39.59657      141.17210    -0.01870    -0.01856    -0.00014     0.00000
       40.62507      141.19783    -0.01130    -0.00634    -0.00496     0.00000
       39.11062      141.20392    -0.18350    -0.08140    -0.10210     0.00000
       38.42506      141.21291    -0.52030    -0.06593    -0.45437     0.00000
       41.30077      141.21328     0.02190     0.03839    -0.01649     0.00000
       39.98057      141.22506     0.02820     0.02264     0.00556     0.00000
       38.90193      141.28319    -0.33970    -0.09832    -0.24138     0.00000
       42.97138      141.29033     0.00200     0.02263    -0.02063     0.00000
       39.46469      141.29300    -0.06070    -0.02652    -0.03418     0.00000
       40.29115      141.29369     0.00190     0.00543    -0.00353     0.00000
       38.50984      141.30440    -0.58510    -0.05845    -0.52665     0.00000
       39.23537      141.31167    -0.16350    -0.06576    -0.09774     0.00000
       38.74322      141.31786    -0.41820    -0.04263    -0.37557     0.00000
       40.50876      141.33199     0.03490     0.04514    -0.01024     0.00000
       42.54980      141.36148    -0.03470    -0.01174    -0.02296     0.00000
       40.96824      141.36796     0.01000     0.02950    -0.01950     0.00000
       40.67640      141.37621     0.00410     0.01997    -0.01587     0.00000
       41.16093      141.38569     0.00690     0.02910    -0.02220     0.00000
       39.01211      141.40085    -0.31440    -0.05972    -0.25468     0.00000
       42.77319      141.40709     0.00290     0.02593    -0.02303     0.00000
       39.63937      141.42613    -0.04530    -0.01419    -0.03111     0.00000
       41.40471      141.44759    -0.03550    -0.00945    -0.02605     0.00000
       38.68270      141.44937    -0.66390    -0.07554    -0.58836     0.00000
       39.84902      141.45259    -0.05120    -0.03283    -0.01837     0.00000
       40.04860      141.46194    -0.02090    -0.00603    -0.01487     0.00000
       40.27104      141.48486    -0.01430     0.00320    -0.01750     0.00000
       38.30119      141.50069    -1.12820    -0.08757    -1.04063     0.00000
       40.51536      141.51128    -0.01900     0.00324    -0.02224     0.00000
       39.33806      141.53416    -0.22690    -0.09414    -0.13276     0.00000
       38.90286      141.57259    -0.63710    -0.13408    -0.50302     0.00000
       39.14309      141.57549    -0.42660    -0.15648    -0.27012     0.00000
       42.88443      141.57742     0.00700     0.03220    -0.02520     0.00000
       42.65553      141.60226    -0.04550    -0.01866    -0.02684     0.00000
       39.97096      141.66218    -0.05120    -0.01346    -0.03774     0.00000
       39.59612      141.67529    -0.15310    -0.07051    -0.08259     0.00000
       40.40520      141.71313    -0.03080     0.00654    -0.03734     0.00000
       42.98325      141.73067    -0.00360     0.02328    -0.02688     0.00000
       39.02378      141.73985    -0.70250    -0.18251    -0.51999     0.00000
       40.13345      141.78910    -0.02380     0.02371    -0.04751     0.00000
       39.25352      141.79804    -0.49200    -0.19307    -0.29893     0.00000
       39.84918      141.80385    -0.12050    -0.05558    -0.06492     0.00000
       42.72944      141.86398    -0.01470     0.01612    -0.03082     0.00000
       39.57239      141.93996    -0.27920    -0.12777    -0.15143     0.00000
       39.86937      141.95054    -0.10240    -0.01622    -0.08618     0.00000
       39.45816      141.95526    -0.41720    -0.20586    -0.21134     0.00000
       39.73896      141.97022    -0.15810    -0.04745    -0.11065     0.00000
       42.48128      142.06022    -0.03000     0.00682    -0.03682     0.00000
       42.93377      142.08460     0.02610     0.05849    -0.03239     0.00000
       42.72724      142.29581    -0.00640     0.03157    -0.03797     0.00000
       42.35690      142.36460    -0.02880     0.01590    -0.04470     0.00000
       42.55426      142.39592    -0.01880     0.02333    -0.04213     0.00000
       42.98052      142.40197    -0.01350     0.02278    -0.03628     0.00000
       42.89063      142.53226    -0.00910     0.03015    -0.03925     0.00000
       42.24773      142.56745     0.00930     0.06032    -0.05102     0.00000
       42.27723      142.76795     0.00580     0.06028    -0.05448     0.00000
       42.13094      142.93539    -0.00600     0.05567    -0.06167     0.00000
       42.80334      142.95369    -0.00240     0.04382    -0.04622     0.00000
       42.69927      143.10326     0.00850     0.05866    -0.05016     0.00000
       42.48641      143.15197    -0.05870    -0.00297    -0.05573     0.00000
       42.00586      143.15653    -0.01310     0.05704    -0.07014     0.00000
       42.93886      143.17057    -0.01560     0.03050    -0.04610     0.00000
       42.67396      143.31280    -0.01090     0.04227    -0.05317     0.00000
       42.12559      143.31570    -0.02170     0.04708    -0.06878     0.00000
       42.32159      143.33100    -0.02610     0.03661    -0.06271     0.00000
       42.55165      143.46114    -0.01770     0.04009    -0.05779     0.00000
       42.80651      143.49497    -0.03480     0.01710    -0.05190     0.00000
       42.80034      143.65554     0.00450     0.05783    -0.05333     0.00000
       42.89451      143.92695    -0.02260     0.03022    -0.05282     0.00000
       42.96326      144.43194    -0.01040     0.04238    -0.05278     0.00000
       42.98257      144.71915    -0.01790     0.03450    -0.05240     0.00000
       38.88798      143.36219     1.60000     0.16326     1.43674     0.00000
       38.63646      143.26334     1.50000    -0.47830     1.97830     0.00000
       38.08094      142.91663     3.00000    -0.01876     3.01876     0.00000
       38.14886      142.43315    -0.80000     0.35772    -1.15772     0.00000
       37.16611      142.08090     0.90000     0.51633     0.38367     0.00000
