       latitude      longitude observation     resiual  prediction  correction
       34.29293      136.00264     0.03540    -0.03959     0.07499    -0.08919
       35.08572      136.04120     0.05440    -0.05150     0.10590    -0.09020
       34.71065      136.04189     0.03590    -0.05446     0.09036    -0.08973
       36.10973      136.04895     0.10030    -0.05580     0.15610    -0.09148
       34.56703      136.05039     0.03800    -0.04695     0.08495    -0.08954
       35.46629      136.05367     0.06040    -0.06325     0.12365    -0.09068
       34.86933      136.05483     0.03740    -0.05946     0.09686    -0.08994
       35.83684      136.05598     0.07780    -0.06438     0.14218    -0.09115
       35.31897      136.06283     0.06710    -0.04972     0.11682    -0.09049
       35.60256      136.10581     0.06500    -0.06653     0.13153    -0.09085
       34.98638      136.14504     0.04870    -0.05424     0.10294    -0.09007
       35.09473      136.15823     0.06010    -0.04788     0.10798    -0.09020
       36.23117      136.17297     0.10410    -0.06300     0.16710    -0.09162
       34.49387      136.17315     0.02480    -0.05828     0.08308    -0.08943
       34.74287      136.18345     0.03140    -0.06157     0.09297    -0.08976
       35.96889      136.18499     0.08300    -0.07004     0.15304    -0.09129
       35.79278      136.19739     0.07440    -0.06942     0.14382    -0.09107
       35.55733      136.19795     0.06820    -0.06315     0.13135    -0.09077
       34.06066      136.19836     0.04310    -0.02509     0.06819    -0.08888
       35.26944      136.23561     0.06510    -0.05241     0.11751    -0.09042
       35.42036      136.26475     0.07990    -0.04579     0.12569    -0.09060
       36.14562      136.27894     0.11710    -0.04916     0.16626    -0.09150
       34.93073      136.29557     0.05540    -0.04691     0.10231    -0.08998
       34.64875      136.32976     0.03880    -0.05155     0.09035    -0.08961
       34.43314      136.33426     0.03370    -0.04806     0.08176    -0.08934
       35.88822      136.33958     0.08070    -0.07268     0.15338    -0.09117
       34.20816      136.34293     0.04260    -0.03095     0.07355    -0.08905
       36.22956      136.36165     0.10800    -0.06643     0.17443    -0.09159
       34.29793      136.38849     0.02940    -0.04755     0.07695    -0.08915
       36.39446      136.38894     0.11250    -0.07311     0.18561    -0.09178
       34.85490      136.39326     0.06300    -0.03695     0.09995    -0.08986
       34.60333      136.43194     0.04650    -0.04273     0.08923    -0.08954
       35.35973      136.47031     0.09070    -0.03588     0.12658    -0.09049
       34.42033      136.47446     0.03700    -0.04501     0.08201    -0.08930
       35.63615      136.48877     0.07380    -0.06903     0.14283    -0.09084
       34.75900      136.50229     0.06450    -0.03215     0.09665    -0.08973
       35.10476      136.50376     0.05680    -0.05672     0.11352    -0.09017
       35.98491      136.50492     0.09550    -0.06925     0.16475    -0.09128
       34.28507      136.54048     0.03600    -0.04105     0.07705    -0.08913
       36.53727      136.54067     0.11190    -0.09015     0.20205    -0.09194
       35.48006      136.54529     0.08300    -0.05200     0.13500    -0.09063
       35.37171      136.54974     0.07230    -0.05653     0.12883    -0.09049
       34.54705      136.55066     0.04850    -0.03915     0.08765    -0.08947
       35.22791      136.59344     0.06220    -0.05935     0.12155    -0.09031
       36.37007      136.60533     0.12770    -0.06652     0.19422    -0.09173
       35.63290      136.61139     0.08290    -0.06296     0.14586    -0.09082
       34.43144      136.62840     0.04380    -0.03942     0.08322    -0.08931
       36.16529      136.63395     0.11960    -0.06200     0.18160    -0.09148
       34.91380      136.63650     0.04590    -0.05957     0.10547    -0.08992
       36.66341      136.64994     0.14190    -0.07463     0.21653    -0.09207
       35.90141      136.65774     0.08770    -0.07695     0.16465    -0.09114
       35.48832      136.68728     0.08500    -0.05375     0.13875    -0.09062
       34.29661      136.69319     0.02880    -0.04921     0.07801    -0.08911
       35.05091      136.69425     0.04690    -0.06648     0.11338    -0.09009
       37.15674      136.71876     0.16770    -0.08580     0.25350    -0.09266
       34.49000      136.72823     0.04440    -0.04180     0.08620    -0.08937
       35.40513      136.72875     0.08250    -0.05202     0.13452    -0.09052
       36.81748      136.75565     0.15610    -0.07771     0.23381    -0.09225
       37.00072      136.77271     0.15780    -0.08976     0.24756    -0.09247
       35.72349      136.78462     0.09600    -0.06069     0.15669    -0.09090
       35.30084      136.78882     0.07610    -0.05322     0.12932    -0.09038
       34.37358      136.80200     0.04040    -0.04112     0.08152    -0.08920
       36.59209      136.80640     0.14770    -0.07315     0.22085    -0.09197
       34.25344      136.82061     0.03320    -0.04344     0.07664    -0.08905
       35.19011      136.82883     0.06730    -0.05603     0.12333    -0.09024
       34.90438      136.83188     0.04660    -0.06054     0.10714    -0.08988
       34.46539      136.85113     0.02740    -0.05830     0.08570    -0.08932
       34.98439      136.86275     0.05030    -0.06159     0.11189    -0.08998
       35.86694      136.86318     0.08830    -0.08109     0.16939    -0.09107
       34.82336      136.86764     0.03040    -0.07279     0.10319    -0.08976
       37.38238      136.88917     0.19400    -0.08774     0.28174    -0.09291
       35.52607      136.90002     0.07670    -0.06963     0.14633    -0.09064
       36.26147      136.90427     0.12660    -0.07444     0.20104    -0.09157
       37.22644      136.90877     0.18800    -0.08564     0.27364    -0.09273
       37.85050      136.91927     0.21540    -0.09325     0.30865    -0.09346
       36.40188      136.92056     0.13500    -0.07793     0.21293    -0.09173
       35.33476      136.92998     0.08030    -0.05390     0.13420    -0.09040
       34.74005      136.93848     0.04880    -0.05064     0.09944    -0.08966
       36.03305      136.95276     0.11960    -0.06579     0.18539    -0.09127
       35.16842      136.96580     0.08430    -0.03992     0.12422    -0.09018
       35.75778      136.97530     0.09140    -0.07371     0.16511    -0.09092
       34.54391      136.98175     0.03170    -0.05823     0.08993    -0.08940
       37.12316      136.99607     0.18040    -0.09374     0.27414    -0.09260
       36.74062      136.99613     0.15670    -0.08809     0.24479    -0.09212
       36.91951      137.02643     0.17630    -0.08500     0.26130    -0.09234
       36.64956      137.03190     0.16970    -0.07020     0.23990    -0.09201
       37.43226      137.03394     0.21380    -0.08494     0.29874    -0.09295
       35.12811      137.04128     0.06510    -0.05774     0.12284    -0.09013
       34.99499      137.05978     0.06830    -0.04658     0.11488    -0.08996
       34.60924      137.06807     0.03790    -0.05568     0.09358    -0.08947
       35.23909      137.07357     0.06170    -0.06887     0.13057    -0.09028
       36.14026      137.08053     0.11450    -0.08533     0.19983    -0.09139
       35.36737      137.11023     0.07530    -0.06479     0.14009    -0.09042
       34.79487      137.11900     0.04910    -0.05472     0.10382    -0.08970
       35.47870      137.12469     0.08070    -0.06778     0.14848    -0.09056
       37.30697      137.13854     0.19260    -0.10825     0.30085    -0.09279
       36.33551      137.14717     0.15050    -0.06973     0.22023    -0.09160
       34.91734      137.15239     0.06110    -0.05013     0.11123    -0.08985
       36.75795      137.15447     0.16970    -0.08836     0.25806    -0.09212
       35.61209      137.17414     0.09330    -0.06667     0.15997    -0.09072
       36.63434      137.19520     0.15980    -0.09037     0.25017    -0.09196
       35.91163      137.20067     0.12020    -0.06541     0.18561    -0.09109
       36.47280      137.23922     0.16220    -0.07622     0.23842    -0.09177
       35.80048      137.24837     0.09540    -0.08247     0.17787    -0.09094
       35.30055      137.25232     0.07010    -0.06802     0.13812    -0.09032
       35.13875      137.25356     0.06340    -0.06328     0.12668    -0.09012
       37.44603      137.27005     0.21730    -0.10767     0.32497    -0.09292
       34.64866      137.27784     0.04490    -0.05182     0.09672    -0.08948
       34.91975      137.29994     0.05510    -0.05774     0.11284    -0.08983
       35.52313      137.30909     0.08920    -0.06735     0.15655    -0.09059
       35.03946      137.31316     0.05240    -0.06836     0.12076    -0.08998
       34.78591      137.33877     0.05410    -0.05083     0.10493    -0.08965
       36.13599      137.34791     0.12170    -0.09112     0.21282    -0.09134
       36.28564      137.36302     0.14550    -0.08277     0.22827    -0.09153
       36.73696      137.36951     0.17800    -0.09557     0.27357    -0.09207
       35.26197      137.40561     0.07260    -0.06545     0.13805    -0.09024
       34.96748      137.42313     0.06110    -0.05605     0.11715    -0.08987
       35.65719      137.42477     0.10010    -0.07117     0.17127    -0.09074
       34.86482      137.43400     0.05110    -0.05941     0.11051    -0.08974
       36.57871      137.43990     0.16710    -0.09622     0.26332    -0.09186
       34.68038      137.44245     0.03890    -0.06038     0.09928    -0.08951
       35.81555      137.45088     0.11550    -0.07124     0.18674    -0.09093
       35.39676      137.46757     0.07760    -0.07238     0.14998    -0.09040
       36.92896      137.48723     0.19990    -0.10376     0.30366    -0.09229
       34.71805      137.51493     0.04380    -0.05805     0.10185    -0.08955
       35.57509      137.52878     0.08310    -0.08389     0.16699    -0.09062
       35.97346      137.53487     0.12050    -0.08539     0.20589    -0.09112
       36.86434      137.55133     0.20150    -0.10188     0.30338    -0.09220
       34.80873      137.55434     0.04480    -0.06293     0.10773    -0.08965
       35.10002      137.57533     0.06720    -0.06110     0.12830    -0.09001
       34.93768      137.57549     0.05400    -0.06253     0.11653    -0.08981
       35.24700      137.58767     0.07030    -0.06970     0.14000    -0.09021
       35.88000      137.59827     0.12020    -0.07888     0.19908    -0.09098
       35.66123      137.62016     0.09550    -0.08238     0.17788    -0.09072
       34.70212      137.63688     0.02800    -0.07336     0.10136    -0.08951
       34.83533      137.67234     0.05520    -0.05498     0.11018    -0.08968
       35.34373      137.67640     0.05920    -0.09060     0.14980    -0.09032
       34.75204      137.68078     0.04220    -0.06249     0.10469    -0.08956
       36.08466      137.68263     0.13390    -0.09150     0.22540    -0.09123
       35.07929      137.69524     0.06570    -0.06244     0.12814    -0.08997
       35.78362      137.69626     0.11640    -0.07659     0.19299    -0.09084
       34.67231      137.72338     0.05550    -0.04424     0.09974    -0.08946
       35.94460      137.78544     0.12370    -0.09096     0.21466    -0.09104
       34.79284      137.79179     0.04630    -0.06156     0.10786    -0.08960
       35.77753      137.81448     0.10800    -0.08893     0.19693    -0.09082
       35.52109      137.81524     0.09090    -0.07880     0.16970    -0.09051
       34.94134      137.81794     0.04410    -0.07458     0.11868    -0.08978
       34.67188      137.82342     0.04020    -0.05970     0.09990    -0.08944
       36.49977      137.85112     0.18070    -0.10762     0.28832    -0.09171
       35.16045      137.86876     0.06840    -0.06849     0.13689    -0.09005
       36.22837      137.87175     0.15530    -0.09917     0.25447    -0.09138
       36.70647      137.87233     0.20490    -0.11276     0.31766    -0.09195
       37.04517      137.87385     0.26070    -0.10074     0.36144    -0.09237
       36.95087      137.89387     0.23700    -0.11513     0.35213    -0.09224
       36.32237      137.90282     0.16920    -0.09987     0.26907    -0.09148
       34.75539      137.91128     0.04950    -0.05614     0.10564    -0.08952
       35.31714      137.92527     0.08360    -0.06843     0.15203    -0.09024
       34.84386      137.93215     0.05840    -0.05363     0.11203    -0.08964
       34.67042      137.93744     0.03270    -0.06721     0.09991    -0.08943
       35.92358      137.94381     0.12970    -0.09013     0.21983    -0.09098
       34.90205      137.94681     0.05140    -0.06506     0.11646    -0.08972
       35.03152      137.98042     0.06410    -0.06295     0.12705    -0.08987
       36.12111      137.98301     0.15510    -0.09256     0.24766    -0.09122
       35.72629      137.98389     0.11560    -0.08190     0.19750    -0.09074
       36.23903      137.98455     0.16940    -0.09444     0.26384    -0.09137
       34.78595      138.01753     0.05100    -0.05702     0.10802    -0.08955
       35.55613      138.03832     0.08900    -0.09052     0.17952    -0.09052
       34.66641      138.04652     0.04850    -0.05113     0.09963    -0.08941
       34.71525      138.05354     0.04540    -0.05760     0.10300    -0.08946
       34.93980      138.07486     0.06320    -0.05686     0.12006    -0.08975
       35.04488      138.08168     0.06540    -0.06357     0.12897    -0.08987
       35.87842      138.09571     0.12050    -0.10084     0.22134    -0.09091
       36.70665      138.09673     0.24240    -0.10039     0.34279    -0.09191
       34.67992      138.09829     0.05310    -0.04741     0.10051    -0.08941
       37.16079      138.10019     0.29540    -0.11418     0.40958    -0.09246
       36.52360      138.12095     0.21250    -0.10487     0.31737    -0.09169
       34.64290      138.12929     0.04570    -0.05221     0.09791    -0.08935
       35.10391      138.13490     0.07220    -0.06249     0.13469    -0.08993
       34.75776      138.13692     0.05010    -0.05595     0.10605    -0.08950
       34.63454      138.15904     0.04060    -0.05668     0.09728    -0.08934
       34.84941      138.17674     0.04270    -0.07039     0.11309    -0.08961
       34.67775      138.18296     0.03870    -0.06152     0.10022    -0.08940
       35.32207      138.18578     0.09670    -0.06027     0.15697    -0.09020
       36.86540      138.19867     0.27190    -0.10881     0.38071    -0.09209
       35.06697      138.20998     0.06480    -0.06706     0.13186    -0.08988
       36.02616      138.21448     0.14800    -0.10053     0.24853    -0.09107
       34.60315      138.21525     0.04040    -0.05458     0.09498    -0.08930
       36.20847      138.21649     0.17930    -0.09728     0.27658    -0.09130
       34.73831      138.22560     0.05040    -0.05414     0.10454    -0.08946
       37.05668      138.24259     0.29240    -0.12522     0.41762    -0.09232
       36.66515      138.24747     0.25440    -0.10003     0.35443    -0.09183
       34.95435      138.24990     0.07060    -0.05136     0.12196    -0.08974
       35.20098      138.25351     0.06610    -0.07914     0.14524    -0.09004
       37.81590      138.27307     0.38030    -0.13958     0.51988    -0.09321
       35.85598      138.31640     0.14570    -0.08301     0.22871    -0.09085
       36.38618      138.32252     0.21700    -0.09808     0.31508    -0.09149
       34.83617      138.33122     0.04530    -0.06676     0.11206    -0.08958
       37.23112      138.33357     0.35150    -0.10953     0.46103    -0.09252
       36.13311      138.36204     0.17770    -0.09754     0.27524    -0.09118
       36.26099      138.36604     0.20830    -0.08908     0.29738    -0.09132
       35.10346      138.36870     0.07110    -0.06527     0.13637    -0.08990
       38.02369      138.36988     0.40540    -0.15349     0.55889    -0.09344
       34.99052      138.37830     0.05640    -0.06915     0.12555    -0.08976
       36.80171      138.43617     0.29540    -0.10943     0.40483    -0.09198
       35.90493      138.44421     0.13710    -0.10562     0.24272    -0.09088
       35.44358      138.44525     0.10520    -0.07062     0.17582    -0.09032
       35.28946      138.44570     0.08640    -0.07066     0.15706    -0.09011
       35.67369      138.45682     0.13220    -0.07542     0.20762    -0.09060
       37.10708      138.45736     0.35170    -0.11286     0.46456    -0.09234
       36.13064      138.46097     0.17180    -0.11035     0.28215    -0.09116
       38.06328      138.47168     0.43800    -0.15020     0.58820    -0.09347
       36.28471      138.49928     0.21430    -0.09937     0.31367    -0.09134
       38.31935      138.51309     0.46790    -0.14081     0.60871    -0.09376
       34.98650      138.51568     0.06430    -0.06105     0.12535    -0.08974
       37.34854      138.51637     0.39160    -0.12683     0.51843    -0.09261
       35.06741      138.52471     0.06950    -0.06389     0.13339    -0.08983
       36.50800      138.55271     0.25750    -0.10595     0.36345    -0.09160
       35.36208      138.56343     0.08020    -0.08724     0.16744    -0.09019
       37.39768      138.57440     0.40080    -0.13955     0.54035    -0.09266
       35.97415      138.58303     0.16740    -0.09506     0.26246    -0.09095
       35.59034      138.58330     0.11900    -0.08028     0.19928    -0.09048
       36.61632      138.59145     0.28430    -0.10675     0.39105    -0.09172
       35.46769      138.60687     0.08940    -0.09282     0.18222    -0.09031
       37.07913      138.60872     0.36910    -0.12095     0.49005    -0.09229
       35.11715      138.60997     0.05970    -0.07917     0.13887    -0.08988
       35.20318      138.61699     0.07230    -0.07630     0.14860    -0.08999
       36.85669      138.62425     0.34210    -0.10519     0.44729    -0.09202
       37.21211      138.63460     0.40980    -0.11197     0.52177    -0.09243
       36.34601      138.63780     0.23060    -0.10924     0.33984    -0.09139
       35.64952      138.69038     0.13120    -0.08042     0.21162    -0.09052
       35.74687      138.69513     0.14730    -0.08071     0.22801    -0.09065
       37.53583      138.70694     0.45830    -0.13991     0.59821    -0.09279
       35.17359      138.72154     0.08660    -0.05899     0.14559    -0.08993
       35.36077      138.72730     0.09790    -0.07148     0.16938    -0.09016
       34.69025      138.76279     0.04650    -0.05129     0.09779    -0.08931
       35.30554      138.77067     0.08550    -0.07689     0.16239    -0.09009
       34.85503      138.77652     0.05470    -0.05723     0.11193    -0.08952
       37.49866      138.77954     0.47490    -0.13832     0.61322    -0.09275
       37.66752      138.78051     0.49190    -0.14883     0.64073    -0.09294
       34.77607      138.78606     0.06310    -0.04165     0.10475    -0.08942
       37.31131      138.78998     0.45910    -0.12166     0.58076    -0.09252
       34.97057      138.79466     0.06310    -0.05999     0.12309    -0.08967
       35.49659      138.81404     0.11010    -0.08032     0.19042    -0.09031
       36.99346      138.83084     0.40310    -0.11740     0.52050    -0.09215
       34.61000      138.83842     0.03890    -0.05175     0.09065    -0.08920
       36.59138      138.84789     0.29980    -0.12450     0.42430    -0.09165
       36.25903      138.86541     0.23620    -0.10859     0.34479    -0.09125
       34.71947      138.87647     0.03800    -0.06094     0.09894    -0.08934
       37.77699      138.88044     0.52610    -0.16352     0.68962    -0.09306
       35.32160      138.88165     0.09910    -0.06629     0.16539    -0.09008
       35.11002      138.90186     0.06060    -0.07744     0.13804    -0.08982
       36.69703      138.90626     0.34780    -0.11380     0.46160    -0.09176
       35.04724      138.90689     0.05060    -0.08015     0.13075    -0.08974
       36.14275      138.91242     0.21300    -0.10878     0.32178    -0.09110
       37.58974      138.92028     0.54040    -0.13395     0.67435    -0.09284
       34.86559      138.92225     0.04180    -0.06982     0.11162    -0.08950
       34.91611      138.92482     0.03610    -0.08049     0.11659    -0.08957
       35.92993      138.92605     0.19580    -0.07882     0.27462    -0.09082
       35.20439      138.92835     0.08140    -0.06831     0.14971    -0.08993
       37.16604      138.93372     0.48400    -0.10443     0.58843    -0.09232
       34.69890      138.93933     0.03920    -0.05723     0.09643    -0.08930
       36.77806      138.94482     0.39250    -0.09827     0.49077    -0.09185
       35.75387      138.94999     0.14490    -0.09449     0.23939    -0.09061
       35.11417      138.97387     0.06140    -0.07685     0.13825    -0.08981
       35.62335      138.97585     0.12220    -0.09318     0.21538    -0.09045
       37.89647      138.98886     0.54930    -0.19573     0.74503    -0.09318
       34.75135      138.98982     0.04070    -0.05955     0.10025    -0.08935
       35.01483      138.99793     0.05180    -0.07466     0.12646    -0.08968
       37.46772      138.99801     0.54800    -0.12958     0.67758    -0.09268
       34.92182      139.01369     0.03600    -0.08026     0.11626    -0.08956
       36.39535      139.01671     0.28050    -0.11768     0.39818    -0.09138
       37.31987      139.02025     0.52560    -0.12624     0.65184    -0.09250
       35.51187      139.02578     0.12120    -0.07537     0.19657    -0.09030
       35.41535      139.04518     0.10460    -0.07609     0.18069    -0.09017
       35.24552      139.04934     0.07950    -0.07566     0.15516    -0.08997
       36.53926      139.05673     0.31760    -0.12751     0.44511    -0.09155
       37.66230      139.05912     0.60510    -0.13316     0.73826    -0.09290
       36.83735      139.06085     0.42080    -0.11245     0.53325    -0.09191
       36.23467      139.06664     0.23340    -0.12712     0.36052    -0.09117
       34.94976      139.06990     0.05720    -0.06136     0.11856    -0.08958
       37.75206      139.07391     0.59640    -0.16298     0.75938    -0.09299
       35.98689      139.07569     0.19740    -0.09995     0.29735    -0.09087
       35.00685      139.08197     0.06480    -0.05994     0.12474    -0.08966
       34.97186      139.10169     0.04520    -0.07539     0.12059    -0.08961
       35.14860      139.11044     0.05380    -0.08798     0.14178    -0.08983
       37.54034      139.11145     0.62630    -0.10850     0.73480    -0.09274
       34.87847      139.12436     0.02800    -0.08237     0.11037    -0.08949
       34.93931      139.13116     0.04990    -0.06675     0.11665    -0.08956
       34.20048      139.13445     0.00260    -0.05705     0.05965    -0.08863
       34.23991      139.13757     0.01090    -0.05082     0.06172    -0.08868
       35.26860      139.14241     0.07830    -0.07998     0.15828    -0.08998
       35.61027      139.15723     0.10750    -0.10971     0.21721    -0.09039
       35.33621      139.16260     0.08000    -0.08856     0.16856    -0.09006
       35.04063      139.17103     0.05070    -0.07695     0.12765    -0.08969
       35.88405      139.18220     0.18170    -0.09710     0.27880    -0.09073
       35.42852      139.20487     0.10820    -0.07575     0.18395    -0.09016
       34.33312      139.21094     0.00940    -0.05625     0.06565    -0.08879
       36.76969      139.22490     0.43210    -0.12021     0.55231    -0.09180
       37.82816      139.22604     0.70260    -0.13539     0.83799    -0.09306
       37.15762      139.24711     0.55290    -0.13210     0.68500    -0.09226
       38.46539      139.25335     0.71290    -0.16981     0.88271    -0.09379
       36.26769      139.25464     0.28520    -0.10754     0.39274    -0.09118
       34.37183      139.25791     0.02980    -0.03726     0.06706    -0.08882
       35.30490      139.26269     0.09140    -0.07197     0.16337    -0.09000
       35.72376      139.26813     0.16230    -0.08204     0.24434    -0.09051
       36.00374      139.26933     0.23150    -0.08421     0.31571    -0.09086
       34.51963      139.27093     0.02740    -0.04929     0.07669    -0.08901
       35.48264      139.32258     0.11030    -0.08411     0.19441    -0.09021
       36.42163      139.33039     0.34250    -0.11268     0.45518    -0.09136
       36.12095      139.34517     0.25850    -0.09851     0.35701    -0.09099
       37.92938      139.35146     0.77510    -0.14033     0.91543    -0.09314
       34.73761      139.35859     0.06320    -0.02923     0.09243    -0.08928
       37.30280      139.36435     0.62960    -0.14648     0.77608    -0.09240
       35.80080      139.36597     0.18380    -0.08278     0.26658    -0.09059
       35.39149      139.36606     0.09520    -0.08233     0.17753    -0.09009
       35.61643      139.36990     0.14010    -0.08240     0.22250    -0.09037
       34.78442      139.38139     0.04500    -0.05127     0.09627    -0.08933
       37.03693      139.40223     0.56940    -0.13099     0.70039    -0.09209
       34.68679      139.43322     0.04310    -0.04310     0.08620    -0.08919
       34.76154      139.43402     0.04340    -0.04948     0.09288    -0.08928
       42.06050      139.44615     0.08180    -0.09388     0.17568    -0.09772
       38.05618      139.46168     0.86960    -0.12218     0.99178    -0.09329
       35.92550      139.46429     0.21500    -0.09126     0.30626    -0.09072
       35.32668      139.46607     0.09280    -0.07255     0.16535    -0.08999
       35.52141      139.46784     0.09370    -0.10909     0.20279    -0.09023
       37.68591      139.47789     0.76780    -0.17210     0.93990    -0.09285
       34.07578      139.47881     0.01400    -0.03263     0.04663    -0.08840
       35.71037      139.48826     0.15000    -0.09720     0.24720    -0.09046
       36.62417      139.49059     0.44810    -0.11828     0.56638    -0.09158
       37.28149      139.50377     0.69370    -0.13806     0.83176    -0.09236
       34.12107      139.50385     0.01450    -0.03364     0.04814    -0.08847
       36.87225      139.50531     0.56140    -0.11185     0.67325    -0.09186
       38.23069      139.50957     0.89510    -0.13491     1.03001    -0.09347
       42.15355      139.51960     0.09230    -0.07414     0.16644    -0.09780
       35.41927      139.52192     0.06990    -0.11193     0.18183    -0.09010
       37.47346      139.52863     0.76560    -0.14344     0.90904    -0.09258
       38.51120      139.53382     0.90320    -0.12716     1.03036    -0.09379
       36.29516      139.54230     0.33750    -0.10605     0.44355    -0.09117
       34.05911      139.54715     0.03220    -0.01219     0.04439    -0.08837
       39.18556      139.54766     0.68180    -0.19613     0.87793    -0.09456
       34.09376      139.56176     0.00030    -0.04528     0.04558    -0.08841
       37.09725      139.58616     0.67920    -0.11959     0.79879    -0.09212
       35.16087      139.61384     0.05060    -0.08519     0.13579    -0.08976
       36.66598      139.61925     0.48760    -0.13297     0.62057    -0.09160
       35.66370      139.63065     0.08860    -0.14893     0.23753    -0.09037
       36.08723      139.63672     0.26540    -0.10934     0.37474    -0.09089
       35.75803      139.64454     0.15740    -0.10662     0.26402    -0.09049
       35.93747      139.65186     0.24690    -0.07462     0.32152    -0.09071
       35.43648      139.65375     0.13370    -0.05017     0.18387    -0.09008
       35.26709      139.66484     0.08270    -0.06886     0.15156    -0.08988
       35.56340      139.67335     0.13390    -0.07836     0.21226    -0.09025
       38.70117      139.67453     0.91520    -0.16960     1.08480    -0.09398
       37.32621      139.68635     0.82010    -0.12391     0.94401    -0.09237
       36.40185      139.72642     0.40560    -0.11880     0.52440    -0.09126
       38.14618      139.74225     1.05270    -0.13566     1.18836    -0.09332
       36.53763      139.75279     0.49800    -0.09992     0.59792    -0.09142
       39.96790      139.77615     0.48210    -0.16773     0.64983    -0.09539
       37.64370      139.79151     0.95130    -0.17847     1.12977    -0.09273
       35.89597      139.79599     0.20630    -0.10825     0.31455    -0.09062
       36.01090      139.79993     0.23560    -0.12375     0.35935    -0.09077
       36.97958      139.80575     0.74540    -0.10272     0.84812    -0.09193
       38.89460      139.80885     0.94310    -0.17029     1.11339    -0.09418
       36.20367      139.81053     0.33280    -0.11258     0.44538    -0.09100
       35.78021      139.81281     0.17900    -0.09571     0.27471    -0.09049
       35.31170      139.82552     0.09600    -0.05918     0.15518    -0.08991
       38.59404      139.83177     1.05850    -0.15993     1.21843    -0.09383
       37.46129      139.83552     0.95660    -0.13771     1.09431    -0.09250
       39.89113      139.84893     0.52850    -0.16793     0.69643    -0.09529
       36.77637      139.85426     0.63430    -0.12677     0.76107    -0.09168
       42.45073      139.85767     0.06850    -0.06930     0.13780    -0.09803
       34.95408      139.86408     0.02840    -0.07168     0.10008    -0.08946
       37.26107      139.87143     0.90790    -0.12046     1.02836    -0.09226
       37.92058      139.87941     1.10470    -0.16880     1.27350    -0.09303
       35.67546      139.90235     0.17350    -0.06838     0.24188    -0.09033
       36.45658      139.90251     0.48780    -0.10858     0.59638    -0.09128
       39.20606      139.90772     0.88270    -0.15658     1.03928    -0.09451
       36.59895      139.92347     0.55010    -0.13578     0.68588    -0.09146
       39.01597      139.92750     0.99040    -0.14923     1.13963    -0.09428
       40.57764      139.92812     0.30800    -0.14400     0.45200    -0.09603
       36.11481      139.93150     0.31760    -0.10101     0.41861    -0.09087
       38.75972      139.95737     1.10140    -0.16506     1.26646    -0.09399
       35.14380      139.96847     0.05890    -0.06240     0.12130    -0.08967
       37.66929      139.97266     1.13770    -0.14713     1.28483    -0.09272
       35.00279      139.97489     0.02490    -0.07665     0.10155    -0.08948
       36.30070      139.98777     0.42510    -0.10230     0.52740    -0.09109
       35.94029      139.99272     0.24500    -0.09689     0.34189    -0.09064
       42.13085      140.00395     0.07570    -0.08802     0.16372    -0.09767
       40.09970      140.00550     0.46980    -0.16664     0.63644    -0.09548
       40.73063      140.01099     0.29450    -0.11639     0.41089    -0.09618
       42.68534      140.01178     0.06330    -0.05562     0.11892    -0.09824
       35.78647      140.02475     0.20480    -0.07483     0.27963    -0.09045
       40.33940      140.02757     0.39170    -0.15024     0.54194    -0.09573
       37.12470      140.03541     0.93050    -0.13440     1.06490    -0.09207
       36.85423      140.03926     0.80390    -0.09377     0.89767    -0.09174
       41.46638      140.04065     0.15360    -0.09501     0.24861    -0.09696
       39.82581      140.04472     0.63010    -0.14340     0.77350    -0.09517
       35.65721      140.04809     0.08790    -0.14631     0.23421    -0.09029
       39.39870      140.04824     0.85210    -0.15547     1.00757    -0.09470
       40.24730      140.04868     0.41410    -0.16645     0.58055    -0.09563
       35.44778      140.05133     0.09010    -0.08573     0.17583    -0.09004
       39.52756      140.05393     0.78100    -0.15602     0.93702    -0.09483
       41.80303      140.07123     0.12890    -0.07058     0.19948    -0.09732
       37.56695      140.07268     1.18980    -0.14415     1.33395    -0.09258
       38.19754      140.07757     1.34820    -0.14642     1.49462    -0.09331
       36.36491      140.07795     0.49210    -0.09580     0.58790    -0.09114
       35.11186      140.07927     0.04740    -0.06410     0.11150    -0.08961
       36.10364      140.08631     0.32090    -0.10956     0.43046    -0.09082
       36.10558      140.08712     0.33090    -0.10073     0.43163    -0.09083
       36.10611      140.08719     0.32680    -0.10514     0.43194    -0.09083
       36.10568      140.08750     0.31960    -0.11213     0.43173    -0.09083
       37.96361      140.09353     1.35380    -0.13526     1.48906    -0.09303
       38.43434      140.09463     1.33220    -0.15543     1.48763    -0.09359
       42.00807      140.10732     0.08900    -0.08586     0.17486    -0.09752
       39.93605      140.13238     0.58460    -0.15307     0.73767    -0.09528
       37.42451      140.13588     1.17980    -0.14103     1.32083    -0.09241
       35.87365      140.14549     0.22660    -0.09027     0.31687    -0.09053
       35.33314      140.14679     0.06830    -0.07771     0.14601    -0.08987
       36.69246      140.15769     0.73870    -0.10956     0.84826    -0.09153
       39.16421      140.16198     1.04330    -0.16791     1.21121    -0.09442
       36.95231      140.16476     0.95220    -0.08929     1.04149    -0.09183
       36.26327      140.17426     0.43500    -0.10768     0.54268    -0.09101
       36.54222      140.17931     0.66400    -0.08192     0.74592    -0.09134
       38.93810      140.18347     1.20210    -0.16319     1.36529    -0.09415
       35.54414      140.18656     0.07180    -0.12297     0.19477    -0.09011
       38.28898      140.19992     1.46480    -0.16388     1.62868    -0.09340
       36.03134      140.20244     0.29210    -0.10796     0.40006    -0.09071
       37.61595      140.20565     1.35670    -0.13553     1.49223    -0.09262
       37.29304      140.21275     1.19200    -0.12111     1.31311    -0.09222
       38.62841      140.22051     1.41830    -0.14191     1.56021    -0.09379
       42.78643      140.23320     0.05370    -0.05539     0.10909    -0.09829
       39.65831      140.23421     0.75280    -0.17300     0.92580    -0.09494
       35.28838      140.24916     0.08650    -0.04491     0.13141    -0.08979
       42.24368      140.25048     0.07540    -0.07358     0.14898    -0.09773
       37.12629      140.25993     1.14010    -0.10025     1.24035    -0.09202
       40.27116      140.26366     0.43130    -0.16428     0.59558    -0.09562
       35.16590      140.26802     0.05230    -0.05712     0.10942    -0.08963
       38.14810      140.27114     1.58230    -0.14197     1.72427    -0.09322
       40.77898      140.27298     0.26580    -0.13971     0.40551    -0.09617
       39.29674      140.27893     1.03800    -0.15699     1.19499    -0.09454
       36.65057      140.29342     0.80410    -0.08189     0.88599    -0.09145
       41.12172      140.29353     0.19160    -0.12310     0.31470    -0.09653
       40.57518      140.29499     0.32590    -0.14829     0.47419    -0.09594
       36.77896      140.29649     0.91260    -0.08309     0.99569    -0.09160
       35.71745      140.31515     0.15570    -0.09088     0.24658    -0.09030
       41.59903      140.31589     0.11870    -0.10559     0.22429    -0.09703
       35.53012      140.31824     0.10070    -0.08243     0.18313    -0.09007
       38.75860      140.31874     1.47680    -0.12379     1.60059    -0.09392
       37.36182      140.32439     1.34110    -0.13011     1.47121    -0.09228
       35.42113      140.33737     0.09540    -0.05816     0.15356    -0.08994
       36.09694      140.34315     0.33800    -0.11444     0.45244    -0.09076
       42.49436      140.35420     0.05470    -0.07172     0.12642    -0.09797
       38.49677      140.36515     1.68320    -0.10562     1.78882    -0.09360
       38.33103      140.36609     1.76450    -0.07545     1.83995    -0.09340
       41.93485      140.37123     0.09460    -0.08366     0.17826    -0.09738
       37.62073      140.37290     1.56900    -0.12686     1.69586    -0.09257
       37.02358      140.37627     1.18500    -0.07680     1.26180    -0.09188
       35.24324      140.38491     0.06000    -0.05446     0.11446    -0.08970
       36.47585      140.38569     0.71780    -0.05717     0.77497    -0.09122
       39.54929      140.38662     0.89250    -0.16932     1.06182    -0.09480
       38.17044      140.39388     1.81290    -0.08522     1.89812    -0.09321
       40.00688      140.40199     0.58170    -0.17174     0.75344    -0.09530
       35.97041      140.40295     0.26670    -0.10449     0.37119    -0.09059
       35.80333      140.40701     0.18500    -0.09420     0.27920    -0.09039
       40.18332      140.40815     0.47900    -0.17661     0.65561    -0.09549
       36.86209      140.41327     1.09000    -0.06112     1.15112    -0.09166
       37.98993      140.44257     1.81930    -0.13494     1.95424    -0.09299
       37.83350      140.44679     1.76380    -0.14589     1.90969    -0.09281
       39.05438      140.44733     1.34370    -0.16963     1.51333    -0.09421
       35.64235      140.44830     0.11080    -0.09856     0.20936    -0.09019
       37.21056      140.45097     1.38970    -0.10364     1.49334    -0.09208
       40.91018      140.45157     0.22700    -0.14204     0.36904    -0.09627
       37.44487      140.46403     1.53500    -0.16295     1.69795    -0.09235
       37.68331      140.46649     1.73860    -0.12511     1.86371    -0.09264
       36.34437      140.47633     0.58300    -0.09784     0.68084    -0.09104
       40.62435      140.47853     0.30010    -0.16324     0.46334    -0.09596
       41.18508      140.49077     0.17360    -0.12505     0.29865    -0.09656
       38.75216      140.49726     1.66870    -0.14895     1.81765    -0.09386
       36.74303      140.49760     1.06550    -0.03314     1.09864    -0.09151
       39.19910      140.50669     1.25420    -0.17954     1.43374    -0.09436
       41.71133      140.53503     0.11260    -0.09050     0.20310    -0.09710
       39.92139      140.53586     0.67530    -0.16076     0.83606    -0.09517
       42.98525      140.54394     0.02760    -0.06512     0.09272    -0.09842
       36.18131      140.54448     0.43860    -0.09944     0.53804    -0.09082
       39.32700      140.55978     1.17310    -0.17704     1.35014    -0.09450
       37.08930      140.56164     1.41830    -0.08578     1.50408    -0.09191
       42.09861      140.56886     0.06010    -0.09583     0.15593    -0.09750
       37.59109      140.57165     1.83020    -0.13497     1.96517    -0.09250
       40.32505      140.57735     0.42890    -0.17054     0.59944    -0.09560
       40.52365      140.57815     0.35110    -0.15575     0.50685    -0.09583
       40.70628      140.58922     0.28080    -0.15475     0.43555    -0.09602
       39.50814      140.59609     1.02700    -0.16960     1.19660    -0.09470
       39.74916      140.59704     0.80280    -0.18023     0.98303    -0.09496
       42.80272      140.60352     0.03880    -0.06255     0.10135    -0.09822
       36.53993      140.61184     0.91170    -0.02899     0.94069    -0.09125
       39.05190      140.62959     1.53080    -0.16545     1.69625    -0.09417
       41.04322      140.63589     0.20280    -0.12821     0.33101    -0.09636
       37.98441      140.64564     2.19780    -0.12031     2.31811    -0.09294
       35.77730      140.64682     0.13160    -0.11435     0.24595    -0.09031
       35.95545      140.65924     0.22650    -0.12338     0.34988    -0.09052
       37.32547      140.66211     1.72120    -0.14527     1.86647    -0.09217
       42.12314      140.66687     0.06890    -0.08207     0.15097    -0.09749
       36.93262      140.69015     1.42520    -0.04280     1.46800    -0.09170
       39.14620      140.71505     1.52940    -0.14706     1.67646    -0.09427
       41.97669      140.71544     0.08690    -0.07799     0.16489    -0.09734
       37.18309      140.71600     1.64420    -0.14290     1.78710    -0.09199
       37.82460      140.72766     2.27110    -0.14727     2.41837    -0.09274
       38.57181      140.72772     2.17790    -0.15096     2.32886    -0.09360
       39.70268      140.73285     0.90160    -0.16890     1.07050    -0.09488
       41.82607      140.74783     0.09700    -0.08479     0.18179    -0.09717
       36.80031      140.75391     1.34540    -0.01081     1.35621    -0.09152
       38.25775      140.75470     2.44430    -0.11946     2.56376    -0.09324
       37.56055      140.75507     2.07110    -0.18864     2.25974    -0.09243
       42.55138      140.76762     0.06380    -0.04958     0.11338    -0.09792
       39.35130      140.76918     1.30020    -0.17217     1.47237    -0.09448
       40.21544      140.78733     0.50210    -0.17654     0.67864    -0.09544
       38.74894      140.80164     2.17120    -0.11563     2.28683    -0.09379
       40.64357      140.80335     0.32970    -0.13122     0.46092    -0.09590
       42.04297      140.80554     0.07830    -0.07683     0.15513    -0.09739
       37.33670      140.80845     1.91180    -0.19141     2.10321    -0.09215
       40.83441      140.81054     0.23120    -0.15897     0.39017    -0.09610
       41.14555      140.82199     0.18240    -0.11808     0.30048    -0.09644
       42.64629      140.82568     0.05410    -0.05176     0.10586    -0.09800
       38.93403      140.83319     1.95570    -0.14274     2.09844    -0.09400
       39.55446      140.83632     1.09270    -0.17800     1.27070    -0.09469
       35.72636      140.83723     0.09030    -0.10651     0.19681    -0.09020
       37.01845      140.84165     1.64550    -0.08493     1.73043    -0.09176
       38.02966      140.84399     2.63700    -0.14873     2.78573    -0.09295
       38.54622      140.84787     2.46950    -0.13171     2.60121    -0.09356
       38.41176      140.85137     2.61420    -0.10695     2.72115    -0.09339
       42.47390      140.87637     0.04300    -0.07304     0.11604    -0.09782
       41.45530      140.88051     0.13160    -0.10174     0.23334    -0.09675
       42.85789      140.88334     0.02570    -0.06684     0.09254    -0.09821
       42.55793      140.89880     0.04820    -0.06153     0.10973    -0.09791
       37.09071      140.90251     1.82840    -0.07277     1.90117    -0.09184
       37.80067      140.90808     2.65110    -0.17722     2.82832    -0.09267
       41.74059      140.92933     0.09730    -0.08963     0.18693    -0.09704
       40.44763      140.94159     0.37070    -0.18166     0.55236    -0.09564
       42.37421      140.94241     0.05980    -0.06179     0.12159    -0.09770
       38.17712      140.94369     2.96130    -0.11028     3.07158    -0.09310
       38.31749      140.95418     3.01190    -0.04129     3.05319    -0.09326
       39.70109      140.96450     0.99960    -0.15638     1.15598    -0.09482
       41.19966      140.98381     0.16030    -0.12135     0.28165    -0.09646
       39.12701      140.98846     1.88260    -0.12911     2.01171    -0.09418
       40.92116      140.99023     0.21290    -0.14415     0.35705    -0.09616
       38.68613      141.00433     2.71250    -0.07755     2.79005    -0.09367
       40.10675      141.04646     0.58540    -0.19324     0.77864    -0.09525
       39.95308      141.06633     0.70620    -0.20937     0.91557    -0.09508
       42.66788      141.07496     0.04340    -0.05510     0.09850    -0.09797
       40.29108      141.07647     0.47570    -0.17104     0.64674    -0.09544
       42.42055      141.08106     0.05400    -0.06023     0.11423    -0.09772
       41.46616      141.09447     0.12480    -0.09782     0.22262    -0.09672
       40.57998      141.10602     0.31900    -0.16619     0.48519    -0.09576
       40.86236      141.13181     0.22630    -0.14416     0.37046    -0.09606
       41.83400      141.14218     0.07420    -0.09258     0.16678    -0.09709
       38.53948      141.14754     3.38980    -0.02322     3.41302    -0.09347
       38.99546      141.14852     2.39660    -0.11146     2.50806    -0.09399
       38.66063      141.16072     3.22180    -0.02017     3.24197    -0.09361
       39.85125      141.16486     0.87870    -0.16159     1.04029    -0.09494
       39.59657      141.17210     1.24060    -0.13895     1.37955    -0.09465
       40.62507      141.19783     0.29280    -0.16837     0.46117    -0.09578
       39.11062      141.20392     2.33740    -0.00422     2.34162    -0.09410
       38.42506      141.21291     3.75110    -0.05149     3.80259    -0.09332
       41.30077      141.21328     0.13210    -0.11631     0.24841    -0.09651
       39.98057      141.22506     0.72410    -0.18655     0.91065    -0.09507
       38.90193      141.28319     2.97270    -0.03550     3.00820    -0.09385
       42.97138      141.29033     0.01420    -0.06400     0.07820    -0.09823
       39.46469      141.29300     1.52680    -0.14743     1.67423    -0.09448
       40.29115      141.29369     0.47360    -0.17498     0.64858    -0.09539
       38.50984      141.30440     3.97350    -0.03590     4.00940    -0.09340
       39.23537      141.31167     2.09230    -0.10117     2.19347    -0.09422
       38.74322      141.31786     3.44400    -0.07636     3.52036    -0.09366
       40.50876      141.33199     0.35090    -0.16174     0.51264    -0.09563
       42.54980      141.36148     0.05620    -0.04146     0.09766    -0.09777
       40.96824      141.36796     0.18800    -0.13467     0.32267    -0.09612
       40.67640      141.37621     0.27200    -0.15659     0.42859    -0.09579
       41.16093      141.38569     0.13330    -0.13617     0.26947    -0.09631
       39.01211      141.40085     2.86310    -0.09053     2.95363    -0.09394
       42.77319      141.40709     0.05410    -0.03034     0.08444    -0.09800
       39.63937      141.42613     1.26470    -0.15247     1.41717    -0.09465
       41.40471      141.44759     0.13300    -0.08184     0.21484    -0.09656
       38.68270      141.44937     4.03200    -0.09685     4.12885    -0.09357
       39.84902      141.45259     0.93050    -0.16513     1.09563    -0.09487
       40.04860      141.46194     0.68490    -0.17281     0.85771    -0.09508
       40.27104      141.48486     0.48190    -0.17618     0.65808    -0.09533
       38.30119      141.50069     5.02320    -0.19910     5.22230    -0.09311
       40.51536      141.51128     0.32900    -0.16851     0.49751    -0.09559
       39.33806      141.53416     2.06290    -0.10728     2.17018    -0.09428
       38.90286      141.57259     3.64640    -0.11207     3.75847    -0.09378
       39.14309      141.57549     2.78940    -0.06079     2.85019    -0.09405
       42.88443      141.57742     0.01190    -0.06327     0.07517    -0.09805
       42.65553      141.60226     0.05150    -0.03346     0.08496    -0.09781
       39.97096      141.66218     0.76100    -0.18886     0.94986    -0.09496
       39.59612      141.67529     1.46370    -0.13520     1.59890    -0.09454
       40.40520      141.71313     0.36980    -0.17462     0.54442    -0.09541
       42.98325      141.73067     0.00850    -0.05915     0.06765    -0.09811
       39.02378      141.73985     3.59480    -0.09377     3.68857    -0.09388
       40.13345      141.78910     0.57980    -0.17841     0.75821    -0.09510
       39.25352      141.79804     2.69510    -0.07579     2.77089    -0.09412
       39.84918      141.80385     0.94840    -0.17879     1.12719    -0.09477
       42.72944      141.86398     0.06980    -0.00441     0.07421    -0.09783
       39.57239      141.93996     1.60360    -0.15201     1.75561    -0.09444
       39.86937      141.95054     0.89060    -0.20081     1.09141    -0.09476
       39.45816      141.95526     1.97280    -0.15864     2.13144    -0.09431
       39.73896      141.97022     1.15970    -0.18175     1.34145    -0.09461
       42.48128      142.06022     0.01170    -0.06768     0.07938    -0.09751
       42.93377      142.08460     0.01730    -0.04364     0.06094    -0.09798
       42.72724      142.29581     0.00460    -0.05771     0.06231    -0.09770
       42.35690      142.36460     0.03160    -0.04298     0.07458    -0.09730
       42.55426      142.39592     0.03960    -0.02591     0.06551    -0.09749
       42.98052      142.40197     0.02450    -0.02759     0.05209    -0.09792
       42.89063      142.53226     0.01840    -0.03297     0.05137    -0.09781
       42.24773      142.56745     0.02390    -0.04792     0.07182    -0.09714
       42.27723      142.76795     0.01810    -0.04502     0.06312    -0.09710
       42.13094      142.93539     0.02680    -0.03521     0.06201    -0.09691
       42.80334      142.95369     0.01350    -0.02979     0.04329    -0.09759
       42.69927      143.10326     0.01260    -0.02914     0.04174    -0.09744
       42.48641      143.15197    -0.01970    -0.06449     0.04479    -0.09721
       42.00586      143.15653     0.01520    -0.04208     0.05728    -0.09672
       42.93886      143.17057    -0.00850    -0.04459     0.03609    -0.09767
       42.67396      143.31280     0.01140    -0.02571     0.03711    -0.09735
       42.12559      143.31570     0.02310    -0.02472     0.04782    -0.09679
       42.32159      143.33100     0.02380    -0.01918     0.04298    -0.09700
       42.55165      143.46114     0.02290    -0.01250     0.03540    -0.09718
       42.80651      143.49497     0.00760    -0.02362     0.03122    -0.09742
       42.80034      143.65554     0.01190    -0.01615     0.02805    -0.09737
       42.89451      143.92695    -0.00690    -0.02917     0.02227    -0.09738
       42.96326      144.43194     0.00750    -0.00656     0.01406    -0.09729
       42.98257      144.71915     0.01950     0.00940     0.01010    -0.09722
       38.88798      143.36219    14.00000    -0.21667    14.21667    -0.09329
       38.63646      143.26334    21.00000     0.34856    20.65144    -0.09304
       38.08094      142.91663    22.00000     0.40825    21.59175    -0.09250
       38.14886      142.43315    13.00000    -0.08952    13.08952    -0.09270
       37.16611      142.08090     4.50000     0.08316     4.41684    -0.09164
