       latitude      longitude observation     resiual  prediction  correction
       34.29293      136.00264     0.00460    -0.01058     0.01518     0.01162
       35.08572      136.04120     0.01580    -0.00227     0.01807     0.01169
       34.71065      136.04189     0.01950     0.00248     0.01702     0.01169
       36.10973      136.04895     0.02040     0.00448     0.01592     0.01170
       34.56703      136.05039     0.01800     0.00152     0.01648     0.01170
       35.46629      136.05367     0.03150     0.01312     0.01838     0.01171
       34.86933      136.05483     0.01730    -0.00029     0.01759     0.01171
       35.83684      136.05598     0.00320    -0.01431     0.01751     0.01171
       35.31897      136.06283     0.00070    -0.01775     0.01845     0.01173
       35.60256      136.10581     0.02140     0.00291     0.01849     0.01181
       34.98638      136.14504     0.02900     0.01072     0.01828     0.01189
       35.09473      136.15823     0.01630    -0.00230     0.01860     0.01191
       36.23117      136.17297     0.01970     0.00402     0.01568     0.01194
       34.49387      136.17315     0.01320    -0.00329     0.01649     0.01194
       34.74287      136.18345     0.02880     0.01120     0.01760     0.01196
       35.96889      136.18499     0.01350    -0.00414     0.01764     0.01196
       35.79278      136.19739     0.02240     0.00387     0.01853     0.01199
       35.55733      136.19795     0.02920     0.01011     0.01909     0.01199
       34.06066      136.19836     0.02990     0.01558     0.01432     0.01199
       35.26944      136.23561     0.01750    -0.00177     0.01927     0.01206
       35.42036      136.26475     0.01060    -0.00894     0.01954     0.01212
       36.14562      136.27894     0.02400     0.00694     0.01706     0.01215
       34.93073      136.29557     0.01100    -0.00771     0.01871     0.01218
       34.64875      136.32976     0.02000     0.00235     0.01765     0.01224
       34.43314      136.33426     0.02410     0.00754     0.01656     0.01226
       35.88822      136.33958     0.02730     0.00825     0.01905     0.01227
       34.20816      136.34293    -0.00870    -0.02403     0.01533     0.01227
       36.22956      136.36165     0.02780     0.01091     0.01689     0.01231
       34.29793      136.38849    -0.00090    -0.01682     0.01592     0.01237
       36.39446      136.38894     0.00530    -0.01005     0.01535     0.01237
       34.85490      136.39326     0.01210    -0.00670     0.01880     0.01237
       34.60333      136.43194     0.00500    -0.01272     0.01772     0.01244
       35.35973      136.47031     0.01950    -0.00116     0.02066     0.01252
       34.42033      136.47446     0.02070     0.00390     0.01680     0.01252
       35.63615      136.48877     0.04270     0.02192     0.02078     0.01257
       34.75900      136.50229     0.00640    -0.01235     0.01875     0.01259
       35.10476      136.50376     0.04840     0.02817     0.02023     0.01259
       35.98491      136.50492     0.04050     0.02080     0.01970     0.01259
       34.28507      136.54048     0.00860    -0.00749     0.01609     0.01265
       36.53727      136.54067     0.01740     0.00294     0.01446     0.01265
       35.48006      136.54529     0.01680    -0.00441     0.02121     0.01266
       35.37171      136.54974     0.02500     0.00387     0.02113     0.01268
       34.54705      136.55066     0.02070     0.00298     0.01772     0.01268
       35.22791      136.59344     0.02180     0.00073     0.02107     0.01276
       36.37007      136.60533     0.01790     0.00079     0.01711     0.01277
       35.63290      136.61139     0.01630    -0.00531     0.02161     0.01279
       34.43144      136.62840     0.01970     0.00251     0.01719     0.01282
       36.16529      136.63395     0.02260     0.00320     0.01940     0.01284
       34.91380      136.63650     0.00720    -0.01283     0.02003     0.01285
       36.66341      136.64994     0.01490     0.00175     0.01315     0.01287
       35.90141      136.65774     0.03060     0.00934     0.02126     0.01287
       35.48832      136.68728     0.03130     0.00917     0.02213     0.01295
       34.29661      136.69319     0.02850     0.01210     0.01640     0.01295
       35.05091      136.69425     0.02230     0.00137     0.02093     0.01295
       37.15674      136.71876     0.00870     0.00625     0.00245     0.01300
       34.49000      136.72823     0.01860     0.00082     0.01778     0.01302
       35.40513      136.72875     0.02510     0.00281     0.02229     0.01302
       36.81748      136.75565     0.00560    -0.00521     0.01081     0.01307
       37.00072      136.77271     0.00530    -0.00138     0.00668     0.01311
       35.72349      136.78462     0.03220     0.00944     0.02276     0.01313
       35.30084      136.78882     0.01130    -0.01110     0.02240     0.01313
       34.37358      136.80200     0.02580     0.00869     0.01711     0.01316
       36.59209      136.80640     0.01870     0.00328     0.01542     0.01317
       34.25344      136.82061     0.02160     0.00534     0.01626     0.01319
       35.19011      136.82883     0.02070    -0.00153     0.02223     0.01320
       34.90438      136.83188     0.02800     0.00722     0.02078     0.01322
       34.46539      136.85113     0.00450    -0.01337     0.01787     0.01325
       34.98439      136.86275     0.01830    -0.00308     0.02138     0.01328
       35.86694      136.86318     0.02550     0.00247     0.02303     0.01328
       34.82336      136.86764     0.00020    -0.02021     0.02041     0.01328
       37.38238      136.88917     0.00790     0.01220    -0.00430     0.01333
       35.52607      136.90002     0.00960    -0.01405     0.02365     0.01335
       36.26147      136.90427     0.01580    -0.00492     0.02072     0.01335
       37.22644      136.90877     0.03380     0.03305     0.00075     0.01338
       37.85050      136.91927    -0.01770     0.00433    -0.02203     0.01338
       36.40188      136.92056     0.02190     0.00271     0.01919     0.01339
       35.33476      136.92998     0.02430     0.00091     0.02339     0.01340
       34.74005      136.93848     0.04030     0.02021     0.02009     0.01343
       36.03305      136.95276     0.01640    -0.00663     0.02303     0.01345
       35.16842      136.96580     0.01930    -0.00359     0.02289     0.01348
       35.75778      136.97530     0.03050     0.00626     0.02424     0.01350
       34.54391      136.98175     0.01580    -0.00293     0.01873     0.01351
       37.12316      136.99607     0.02330     0.01919     0.00411     0.01354
       36.74062      136.99613     0.01630     0.00234     0.01396     0.01354
       36.91951      137.02643     0.02540     0.01546     0.00994     0.01359
       36.64956      137.03190     0.04750     0.03141     0.01609     0.01361
       37.43226      137.03394     0.00270     0.00897    -0.00627     0.01361
       35.12811      137.04128     0.03040     0.00732     0.02308     0.01362
       34.99499      137.05978     0.02360     0.00126     0.02234     0.01366
       34.60924      137.06807     0.00730    -0.01215     0.01945     0.01368
       35.23909      137.07357     0.01530    -0.00857     0.02387     0.01368
       36.14026      137.08053     0.01540    -0.00807     0.02347     0.01371
       35.36737      137.11023     0.01730    -0.00741     0.02471     0.01376
       34.79487      137.11900     0.03440     0.01330     0.02110     0.01377
       35.47870      137.12469     0.02230    -0.00291     0.02521     0.01378
       37.30697      137.13854    -0.00350    -0.00175    -0.00175     0.01381
       36.33551      137.14717     0.03280     0.01066     0.02214     0.01383
       34.91734      137.15239     0.01700    -0.00518     0.02218     0.01383
       36.75795      137.15447     0.03230     0.01755     0.01475     0.01384
       35.61209      137.17414     0.02810     0.00219     0.02591     0.01388
       36.63434      137.19520     0.02510     0.00734     0.01776     0.01392
       35.91163      137.20067     0.03160     0.00566     0.02594     0.01393
       36.47280      137.23922     0.00000    -0.02111     0.02111     0.01401
       35.80048      137.24837     0.04240     0.01576     0.02664     0.01402
       35.30055      137.25232     0.02410    -0.00124     0.02534     0.01404
       35.13875      137.25356     0.01230    -0.01201     0.02431     0.01404
       37.44603      137.27005    -0.00440     0.00293    -0.00733     0.01407
       34.64866      137.27784     0.03020     0.00991     0.02029     0.01408
       34.91975      137.29994     0.01150    -0.01130     0.02280     0.01412
       35.52313      137.30909     0.01540    -0.01141     0.02681     0.01414
       35.03946      137.31316     0.01370    -0.01017     0.02387     0.01415
       34.78591      137.33877     0.01540    -0.00633     0.02173     0.01420
       36.13599      137.34791     0.01310    -0.01318     0.02628     0.01421
       36.28564      137.36302     0.02830     0.00328     0.02502     0.01425
       36.73696      137.36951     0.02730     0.01024     0.01706     0.01425
       35.26197      137.40561     0.02780     0.00170     0.02610     0.01432
       34.96748      137.42313     0.01120    -0.01254     0.02374     0.01436
       35.65719      137.42477     0.03160     0.00336     0.02824     0.01437
       34.86482      137.43400     0.00090    -0.02190     0.02280     0.01437
       36.57871      137.43990     0.03120     0.00991     0.02129     0.01440
       34.68038      137.44245     0.02620     0.00523     0.02097     0.01440
       35.81555      137.45088     0.02850    -0.00016     0.02866     0.01442
       35.39676      137.46757     0.03940     0.01195     0.02745     0.01445
       36.92896      137.48723     0.00520    -0.00747     0.01267     0.01448
       34.71805      137.51493     0.01060    -0.01093     0.02153     0.01453
       35.57509      137.52878     0.01500    -0.01393     0.02893     0.01456
       35.97346      137.53487     0.01650    -0.01282     0.02932     0.01458
       36.86434      137.55133     0.01140    -0.00381     0.01521     0.01461
       34.80873      137.55434     0.01760    -0.00501     0.02261     0.01461
       35.10002      137.57533     0.02070    -0.00503     0.02573     0.01466
       34.93768      137.57549     0.01730    -0.00677     0.02407     0.01466
       35.24700      137.58767     0.03360     0.00643     0.02717     0.01468
       35.88000      137.59827     0.02830    -0.00196     0.03026     0.01471
       35.66123      137.62016     0.02380    -0.00636     0.03016     0.01474
       34.70212      137.63688     0.00810    -0.01352     0.02162     0.01477
       34.83533      137.67234     0.01380    -0.00946     0.02326     0.01484
       35.34373      137.67640    -0.00910    -0.03774     0.02864     0.01484
       34.75204      137.68078     0.01330    -0.00900     0.02230     0.01487
       36.08466      137.68263     0.02880    -0.00187     0.03067     0.01487
       35.07929      137.69524     0.01590    -0.01023     0.02613     0.01489
       35.78362      137.69626     0.02640    -0.00493     0.03133     0.01489
       34.67231      137.72338     0.01510    -0.00631     0.02141     0.01494
       35.94460      137.78544     0.03190    -0.00059     0.03249     0.01506
       34.79284      137.79179     0.01340    -0.00964     0.02304     0.01507
       35.77753      137.81448     0.04040     0.00771     0.03269     0.01512
       35.52109      137.81524     0.03170     0.00042     0.03128     0.01512
       34.94134      137.81794     0.01770    -0.00731     0.02501     0.01512
       34.67188      137.82342     0.02360     0.00206     0.02154     0.01512
       36.49977      137.85112     0.02620    -0.00182     0.02802     0.01518
       35.16045      137.86876     0.02620    -0.00178     0.02798     0.01522
       36.22837      137.87175     0.04490     0.01265     0.03225     0.01522
       36.70647      137.87233     0.05560     0.03223     0.02337     0.01522
       37.04517      137.87385     0.00900    -0.00233     0.01133     0.01523
       36.95087      137.89387     0.02470     0.00933     0.01537     0.01527
       36.32237      137.90282     0.04690     0.01522     0.03168     0.01528
       34.75539      137.91128     0.02600     0.00322     0.02278     0.01531
       35.31714      137.92527     0.02630    -0.00391     0.03021     0.01533
       34.84386      137.93215     0.01640    -0.00764     0.02404     0.01535
       34.67042      137.93744     0.01870    -0.00293     0.02163     0.01536
       35.92358      137.94381     0.02710    -0.00753     0.03463     0.01536
       34.90205      137.94681     0.02250    -0.00239     0.02489     0.01538
       35.03152      137.98042     0.01600    -0.01082     0.02682     0.01543
       36.12111      137.98301     0.03990     0.00515     0.03475     0.01544
       35.72629      137.98389     0.02640    -0.00811     0.03451     0.01544
       36.23903      137.98455     0.04250     0.00861     0.03389     0.01544
       34.78595      138.01753    -0.00200    -0.02537     0.02337     0.01551
       35.55613      138.03832     0.03450     0.00072     0.03378     0.01554
       34.66641      138.04652    -0.00310    -0.02473     0.02163     0.01557
       34.71525      138.05354     0.00720    -0.01516     0.02236     0.01558
       34.93980      138.07486     0.01360    -0.01220     0.02580     0.01562
       35.04488      138.08168     0.02260    -0.00482     0.02742     0.01564
       35.87842      138.09571     0.03440    -0.00228     0.03668     0.01566
       36.70665      138.09673     0.04940     0.02288     0.02652     0.01566
       34.67992      138.09829     0.02810     0.00626     0.02184     0.01566
       37.16079      138.10019     0.01660     0.00929     0.00731     0.01566
       36.52360      138.12095     0.02800    -0.00375     0.03175     0.01571
       34.64290      138.12929     0.01550    -0.00577     0.02127     0.01573
       35.10391      138.13490     0.02210    -0.00645     0.02855     0.01574
       34.75776      138.13692     0.00810    -0.01496     0.02306     0.01574
       34.63454      138.15904     0.03180     0.01067     0.02113     0.01577
       34.84941      138.17674     0.02960     0.00503     0.02457     0.01582
       34.67775      138.18296     0.00960    -0.01220     0.02180     0.01582
       35.32207      138.18578     0.03160    -0.00058     0.03218     0.01582
       36.86540      138.19867     0.03120     0.00888     0.02232     0.01585
       35.06697      138.20998     0.01260    -0.01566     0.02826     0.01587
       36.02616      138.21448     0.02780    -0.01095     0.03875     0.01590
       34.60315      138.21525     0.02390     0.00331     0.02059     0.01590
       36.20847      138.21649     0.03540    -0.00269     0.03809     0.01590
       34.73831      138.22560     0.02390     0.00112     0.02278     0.01591
       37.05668      138.24259     0.00990    -0.00403     0.01393     0.01595
       36.66515      138.24747     0.03330     0.00307     0.03023     0.01595
       34.95435      138.24990     0.05080     0.02433     0.02647     0.01596
       35.20098      138.25351     0.03890     0.00821     0.03069     0.01596
       37.81590      138.27307    -0.01410     0.02631    -0.04041     0.01601
       35.85598      138.31640     0.05220     0.01234     0.03986     0.01608
       36.38618      138.32252     0.02820    -0.00987     0.03807     0.01609
       34.83617      138.33122     0.01000    -0.01449     0.02449     0.01611
       37.23112      138.33357     0.01080     0.00647     0.00433     0.01612
       36.13311      138.36204     0.04810     0.00690     0.04120     0.01617
       36.26099      138.36604     0.04120     0.00071     0.04049     0.01618
       35.10346      138.36870     0.02460    -0.00488     0.02948     0.01619
       38.02369      138.36988    -0.03910     0.02316    -0.06226     0.01619
       34.99052      138.37830     0.04000     0.01261     0.02739     0.01621
       36.80171      138.43617     0.05280     0.02417     0.02863     0.01632
       35.90493      138.44421     0.04480     0.00255     0.04225     0.01633
       35.44358      138.44525     0.02740    -0.00882     0.03622     0.01634
       35.28946      138.44570     0.02240    -0.01098     0.03338     0.01634
       35.67369      138.45682     0.03480    -0.00521     0.04001     0.01635
       37.10708      138.45736     0.02220     0.00913     0.01307     0.01635
       36.13064      138.46097     0.05450     0.01136     0.04314     0.01636
       38.06328      138.47168    -0.04290     0.02735    -0.07025     0.01639
       36.28471      138.49928     0.04740     0.00437     0.04303     0.01644
       38.31935      138.51309    -0.06960     0.02927    -0.09887     0.01647
       34.98650      138.51568     0.03190     0.00438     0.02752     0.01647
       37.34854      138.51637     0.01870     0.02251    -0.00381     0.01647
       35.06741      138.52471     0.04410     0.01487     0.02923     0.01649
       36.50800      138.55271     0.05360     0.01303     0.04057     0.01654
       35.36208      138.56343     0.03950     0.00389     0.03561     0.01656
       37.39768      138.57440     0.01040     0.01840    -0.00800     0.01658
       35.97415      138.58303     0.04840     0.00319     0.04521     0.01660
       35.59034      138.58330     0.04560     0.00534     0.04026     0.01660
       36.61632      138.59145     0.04730     0.00881     0.03849     0.01661
       35.46769      138.60687     0.04480     0.00666     0.03814     0.01663
       37.07913      138.60872     0.02840     0.01200     0.01640     0.01666
       35.11715      138.60997     0.01790    -0.01261     0.03051     0.01666
       35.20318      138.61699     0.03140    -0.00106     0.03246     0.01666
       36.85669      138.62425     0.02770    -0.00179     0.02949     0.01668
       37.21211      138.63460     0.04230     0.03514     0.00716     0.01671
       36.34601      138.63780     0.04410    -0.00139     0.04549     0.01671
       35.64952      138.69038     0.02640    -0.01628     0.04268     0.01681
       35.74687      138.69513     0.03190    -0.01259     0.04449     0.01682
       37.53583      138.70694     0.00810     0.03010    -0.02200     0.01684
       35.17359      138.72154     0.03230     0.00019     0.03211     0.01687
       35.36077      138.72730     0.01950    -0.01720     0.03670     0.01687
       34.69025      138.76279     0.00240    -0.01836     0.02076     0.01694
       35.30554      138.77067     0.03070    -0.00488     0.03558     0.01695
       34.85503      138.77652     0.02070    -0.00371     0.02441     0.01698
       37.49866      138.77954     0.00610     0.02516    -0.01906     0.01698
       37.66752      138.78051    -0.00510     0.03245    -0.03755     0.01698
       34.77607      138.78606     0.02520     0.00264     0.02256     0.01699
       37.31131      138.78998     0.01770     0.01838    -0.00068     0.01700
       34.97057      138.79466     0.01690    -0.01024     0.02714     0.01700
       35.49659      138.81404     0.04210     0.00141     0.04069     0.01705
       36.99346      138.83084     0.04340     0.01825     0.02515     0.01708
       34.61000      138.83842     0.01430    -0.00436     0.01866     0.01709
       36.59138      138.84789     0.05310     0.00760     0.04550     0.01710
       36.25903      138.86541     0.06910     0.01707     0.05203     0.01714
       34.71947      138.87647     0.00740    -0.01345     0.02085     0.01716
       37.77699      138.88044    -0.04830     0.00540    -0.05370     0.01717
       35.32160      138.88165     0.03920     0.00266     0.03654     0.01717
       35.11002      138.90186     0.02640    -0.00429     0.03069     0.01721
       36.69703      138.90626     0.04740     0.00428     0.04312     0.01721
       35.04724      138.90689     0.02560    -0.00337     0.02897     0.01721
       36.14275      138.91242     0.05660     0.00323     0.05337     0.01724
       37.58974      138.92028    -0.03150     0.00003    -0.03153     0.01725
       34.86559      138.92225     0.00740    -0.01675     0.02415     0.01726
       34.91611      138.92482     0.03010     0.00467     0.02543     0.01726
       35.92993      138.92605     0.04500    -0.00663     0.05163     0.01726
       35.20439      138.92835     0.04040     0.00704     0.03336     0.01726
       37.16604      138.93372     0.03020     0.01713     0.01307     0.01727
       34.69890      138.93933     0.01500    -0.00500     0.02000     0.01728
       36.77806      138.94482     0.05030     0.00998     0.04032     0.01730
       35.75387      138.94999     0.05520     0.00656     0.04864     0.01731
       35.11417      138.97387     0.03180     0.00103     0.03077     0.01735
       35.62335      138.97585     0.03370    -0.01202     0.04572     0.01735
       37.89647      138.98886    -0.04770     0.02673    -0.07443     0.01737
       34.75135      138.98982     0.02340     0.00247     0.02093     0.01738
       35.01483      138.99793     0.01920    -0.00867     0.02787     0.01739
       37.46772      138.99801     0.00330     0.02151    -0.01821     0.01739
       34.92182      139.01369     0.01360    -0.01162     0.02522     0.01742
       36.39535      139.01671     0.06380     0.00882     0.05498     0.01743
       37.31987      139.02025     0.02430     0.02593    -0.00163     0.01744
       35.51187      139.02578     0.03050    -0.01251     0.04301     0.01744
       35.41535      139.04518     0.04480     0.00466     0.04014     0.01749
       35.24552      139.04934     0.01130    -0.02345     0.03475     0.01749
       36.53926      139.05673     0.07230     0.01925     0.05305     0.01750
       37.66230      139.05912    -0.03410     0.01036    -0.04446     0.01752
       36.83735      139.06085     0.06840     0.02852     0.03988     0.01752
       36.23467      139.06664     0.07310     0.01536     0.05774     0.01753
       34.94976      139.06990     0.02160    -0.00412     0.02572     0.01753
       37.75206      139.07391    -0.03950     0.01815    -0.05765     0.01754
       35.98689      139.07569     0.05790     0.00201     0.05589     0.01755
       35.00685      139.08197     0.02070    -0.00663     0.02733     0.01755
       34.97186      139.10169     0.01840    -0.00780     0.02620     0.01760
       35.14860      139.11044     0.03420     0.00257     0.03163     0.01761
       37.54034      139.11145    -0.01260     0.01664    -0.02924     0.01761
       34.87847      139.12436     0.00040    -0.02297     0.02337     0.01764
       34.93931      139.13116     0.02930     0.00423     0.02507     0.01765
       34.20048      139.13445     0.00420    -0.00422     0.00842     0.01766
       34.23991      139.13757     0.01350     0.00447     0.00903     0.01766
       35.26860      139.14241     0.01560    -0.01998     0.03558     0.01768
       35.61027      139.15723     0.04320    -0.00425     0.04745     0.01770
       35.33621      139.16260     0.02760    -0.01035     0.03795     0.01771
       35.04063      139.17103     0.02400    -0.00395     0.02795     0.01774
       35.88405      139.18220     0.05650     0.00037     0.05613     0.01776
       35.42852      139.20487     0.03790    -0.00349     0.04139     0.01779
       34.33312      139.21094     0.00570    -0.00413     0.00983     0.01781
       36.76969      139.22490     0.06870     0.02041     0.04829     0.01784
       37.82816      139.22604    -0.06390     0.01281    -0.07671     0.01784
       37.15762      139.24711     0.04140     0.02475     0.01665     0.01787
       38.46539      139.25335    -0.14620     0.04069    -0.18689     0.01790
       36.26769      139.25464     0.07850     0.01489     0.06361     0.01790
       34.37183      139.25791     0.02310     0.01310     0.01000     0.01790
       35.30490      139.26269     0.05340     0.01652     0.03688     0.01790
       35.72376      139.26813     0.03090    -0.02188     0.05278     0.01792
       36.00374      139.26933     0.06310     0.00204     0.06106     0.01792
       34.51963      139.27093     0.01110    -0.00176     0.01286     0.01792
       35.48264      139.32258     0.02570    -0.01830     0.04400     0.01802
       36.42163      139.33039     0.08270     0.01770     0.06500     0.01803
       36.12095      139.34517     0.06080    -0.00466     0.06546     0.01806
       37.92938      139.35146    -0.06940     0.03339    -0.10279     0.01808
       34.73761      139.35859    -0.00260    -0.01976     0.01716     0.01808
       37.30280      139.36435     0.02090     0.02138    -0.00048     0.01811
       35.80080      139.36597     0.05570    -0.00147     0.05717     0.01811
       35.39149      139.36606     0.04030    -0.00003     0.04033     0.01811
       35.61643      139.36990     0.04960    -0.00028     0.04988     0.01811
       34.78442      139.38139     0.01670    -0.00149     0.01819     0.01813
       37.03693      139.40223     0.04300     0.01172     0.03128     0.01817
       34.68679      139.43322     0.01820     0.00340     0.01480     0.01824
       34.76154      139.43402     0.00890    -0.00795     0.01685     0.01824
       42.06050      139.44615    -0.09910     0.04528    -0.14438     0.01827
       38.05618      139.46168    -0.08290     0.05469    -0.13759     0.01829
       35.92550      139.46429     0.07700     0.01323     0.06377     0.01829
       35.32668      139.46607     0.04150     0.00415     0.03735     0.01829
       35.52141      139.46784     0.03030    -0.01600     0.04630     0.01830
       37.68591      139.47789    -0.02430     0.04109    -0.06539     0.01832
       34.07578      139.47881    -0.00370    -0.00615     0.00245     0.01833
       35.71037      139.48826     0.07930     0.02399     0.05531     0.01834
       36.62417      139.49059     0.08740     0.02259     0.06481     0.01835
       37.28149      139.50377     0.00270     0.00090     0.00180     0.01838
       34.12107      139.50385     0.02640     0.02370     0.00270     0.01838
       36.87225      139.50531     0.08300     0.03398     0.04902     0.01838
       38.23069      139.50957    -0.14300     0.03652    -0.17952     0.01838
       42.15355      139.51960    -0.08960     0.05021    -0.13981     0.01840
       35.41927      139.52192     0.03850    -0.00298     0.04148     0.01840
       37.47346      139.52863     0.00030     0.02933    -0.02903     0.01843
       38.51120      139.53382    -0.21050     0.02881    -0.23931     0.01843
       36.29516      139.54230     0.08500     0.01089     0.07411     0.01845
       34.05911      139.54715     0.00820     0.00690     0.00130     0.01845
       39.18556      139.54766    -0.26330     0.06600    -0.32930     0.01845
       34.09376      139.56176     0.03810     0.03658     0.00152     0.01849
       37.09725      139.58616     0.03280     0.00587     0.02693     0.01854
       35.16087      139.61384     0.01450    -0.01420     0.02870     0.01858
       36.66598      139.61925     0.07530     0.00777     0.06753     0.01858
       35.66370      139.63065     0.06270     0.00827     0.05443     0.01861
       36.08723      139.63672     0.10290     0.02871     0.07419     0.01862
       35.75803      139.64454     0.08320     0.02348     0.05972     0.01865
       35.93747      139.65186     0.06440    -0.00447     0.06887     0.01865
       35.43648      139.65375     0.06040     0.01849     0.04191     0.01866
       35.26709      139.66484     0.01750    -0.01552     0.03302     0.01867
       35.56340      139.67335     0.05060     0.00163     0.04897     0.01869
       38.70117      139.67453    -0.26140     0.04175    -0.30315     0.01869
       37.32621      139.68635     0.01460     0.02182    -0.00722     0.01872
       36.40185      139.72642     0.08370     0.00228     0.08142     0.01880
       38.14618      139.74225    -0.15330     0.04198    -0.19528     0.01883
       36.53763      139.75279     0.09040     0.01122     0.07918     0.01885
       39.96790      139.77615    -0.27850     0.08544    -0.36394     0.01889
       37.64370      139.79151    -0.03460     0.04107    -0.07567     0.01893
       35.89597      139.79599     0.08120     0.01114     0.07006     0.01893
       36.01090      139.79993     0.12640     0.05001     0.07639     0.01894
       36.97958      139.80575     0.06190     0.01737     0.04453     0.01895
       38.89460      139.80885    -0.30980     0.05835    -0.36815     0.01896
       36.20367      139.81053     0.08670     0.00271     0.08399     0.01896
       35.78021      139.81281     0.04330    -0.01983     0.06313     0.01896
       35.31170      139.82552    -0.00800    -0.04110     0.03310     0.01899
       38.59404      139.83177    -0.27370     0.04832    -0.32202     0.01899
       37.46129      139.83552    -0.01910     0.01842    -0.03752     0.01901
       39.89113      139.84893    -0.28420     0.10124    -0.38544     0.01904
       36.77637      139.85426     0.07560     0.00778     0.06782     0.01904
       42.45073      139.85767    -0.06980     0.05538    -0.12518     0.01905
       34.95408      139.86408     0.00480    -0.01056     0.01536     0.01906
       37.26107      139.87143     0.00960     0.00859     0.00101     0.01907
       37.92058      139.87941    -0.11570     0.03998    -0.15568     0.01910
       35.67546      139.90235    -0.01130    -0.06761     0.05631     0.01912
       36.45658      139.90251     0.09490     0.00630     0.08860     0.01913
       39.20606      139.90772    -0.35530     0.07054    -0.42584     0.01915
       36.59895      139.92347     0.08470     0.00098     0.08372     0.01917
       39.01597      139.92750    -0.37870     0.03996    -0.41866     0.01918
       40.57764      139.92812    -0.23570     0.07802    -0.31372     0.01918
       36.11481      139.93150     0.08940     0.00365     0.08575     0.01920
       38.75972      139.95737    -0.36140     0.03063    -0.39203     0.01923
       35.14380      139.96847    -0.01050    -0.03141     0.02091     0.01926
       37.66929      139.97266    -0.05320     0.04377    -0.09697     0.01927
       35.00279      139.97489     0.01500     0.00064     0.01436     0.01928
       36.30070      139.98777     0.11460     0.02086     0.09374     0.01931
       35.94029      139.99272     0.08170     0.00461     0.07709     0.01931
       42.13085      140.00395    -0.08930     0.05849    -0.14779     0.01933
       40.09970      140.00550    -0.33060     0.06159    -0.39219     0.01933
       40.73063      140.01099    -0.22420     0.07660    -0.30080     0.01934
       42.68534      140.01178    -0.06970     0.04257    -0.11227     0.01934
       35.78647      140.02475     0.06710     0.00187     0.06523     0.01937
       40.33940      140.02757    -0.27280     0.08806    -0.36086     0.01937
       37.12470      140.03541     0.02730     0.00436     0.02294     0.01939
       36.85423      140.03926     0.07250     0.00839     0.06411     0.01939
       41.46638      140.04065    -0.15160     0.05737    -0.20897     0.01939
       39.82581      140.04472    -0.36860     0.06799    -0.43659     0.01942
       35.65721      140.04809     0.01960    -0.03448     0.05408     0.01942
       39.39870      140.04824    -0.42810     0.04391    -0.47201     0.01942
       40.24730      140.04868    -0.29780     0.08039    -0.37819     0.01942
       35.44778      140.05133     0.05220     0.01497     0.03723     0.01942
       39.52756      140.05393    -0.42480     0.04276    -0.46756     0.01942
       41.80303      140.07123    -0.11130     0.06466    -0.17596     0.01947
       37.56695      140.07268    -0.03110     0.04715    -0.07825     0.01947
       38.19754      140.07757    -0.23150     0.04699    -0.27849     0.01947
       36.36491      140.07795     0.10120     0.00278     0.09842     0.01947
       35.11186      140.07927    -0.00830    -0.02426     0.01596     0.01948
       36.10364      140.08631     0.09070    -0.00008     0.09078     0.01949
       36.10558      140.08712     0.09330     0.00237     0.09093     0.01949
       36.10611      140.08719     0.09150     0.00054     0.09096     0.01949
       36.10568      140.08750     0.08290    -0.00805     0.09095     0.01949
       37.96361      140.09353    -0.16500     0.03844    -0.20344     0.01950
       38.43434      140.09463    -0.29680     0.06162    -0.35842     0.01950
       42.00807      140.10732    -0.09440     0.06415    -0.15855     0.01953
       39.93605      140.13238    -0.36800     0.07461    -0.44261     0.01958
       37.42451      140.13588    -0.00720     0.03842    -0.04562     0.01958
       35.87365      140.14549     0.06710    -0.00645     0.07355     0.01960
       35.33314      140.14679     0.03880     0.01262     0.02618     0.01960
       36.69246      140.15769     0.07730    -0.00784     0.08514     0.01963
       39.16421      140.16198    -0.47970     0.03367    -0.51337     0.01964
       36.95231      140.16476     0.04080    -0.01010     0.05090     0.01964
       36.26327      140.17426     0.10180     0.00009     0.10171     0.01966
       36.54222      140.17931     0.04000    -0.05793     0.09793     0.01966
       38.93810      140.18347    -0.46770     0.03673    -0.50443     0.01968
       35.54414      140.18656     0.00250    -0.03869     0.04119     0.01969
       38.28898      140.19992    -0.28630     0.05858    -0.34488     0.01971
       36.03134      140.20244     0.08040    -0.00844     0.08884     0.01971
       37.61595      140.20565    -0.03820     0.06789    -0.10609     0.01971
       37.29304      140.21275     0.00310     0.02135    -0.01825     0.01974
       38.62841      140.22051    -0.39920     0.06049    -0.45969     0.01975
       42.78643      140.23320    -0.05590     0.05073    -0.10663     0.01977
       39.65831      140.23421    -0.43690     0.07395    -0.51085     0.01977
       35.28838      140.24916     0.00160    -0.01745     0.01905     0.01980
       42.24368      140.25048    -0.08470     0.05628    -0.14098     0.01980
       37.12629      140.25993     0.01500    -0.00145     0.01645     0.01982
       40.27116      140.26366    -0.32870     0.08155    -0.41025     0.01982
       35.16590      140.26802     0.03010     0.01891     0.01119     0.01985
       38.14810      140.27114    -0.25240     0.06174    -0.31414     0.01985
       40.77898      140.27298    -0.22710     0.08989    -0.31699     0.01985
       39.29674      140.27893    -0.50960     0.05127    -0.56087     0.01986
       36.65057      140.29342     0.05460    -0.03834     0.09294     0.01988
       41.12172      140.29353    -0.18800     0.07528    -0.26328     0.01988
       40.57518      140.29499    -0.28070     0.07534    -0.35604     0.01988
       36.77896      140.29649     0.05320    -0.02390     0.07710     0.01990
       35.71745      140.31515     0.05510     0.00064     0.05446     0.01993
       41.59903      140.31589    -0.11890     0.08266    -0.20156     0.01993
       35.53012      140.31824     0.03130    -0.00330     0.03460     0.01993
       38.75860      140.31874    -0.50850     0.02675    -0.53525     0.01993
       37.36182      140.32439    -0.05360    -0.00978    -0.04382     0.01994
       35.42113      140.33737    -0.00160    -0.02572     0.02412     0.01997
       36.09694      140.34315     0.08670    -0.01076     0.09746     0.01998
       42.49436      140.35420    -0.06930     0.05423    -0.12353     0.02001
       38.49677      140.36515    -0.43850     0.04484    -0.48334     0.02002
       38.33103      140.36609    -0.38140     0.04000    -0.42140     0.02003
       41.93485      140.37123    -0.10860     0.05888    -0.16748     0.02004
       37.62073      140.37290    -0.09790     0.03222    -0.13012     0.02004
       37.02358      140.37627    -0.01100    -0.04345     0.03245     0.02004
       35.24324      140.38491    -0.03030    -0.03964     0.00934     0.02007
       36.47585      140.38569     0.09560    -0.01374     0.10934     0.02007
       39.54929      140.38662    -0.52550     0.05440    -0.57990     0.02007
       38.17044      140.39388    -0.30910     0.05509    -0.36419     0.02008
       40.00688      140.40199    -0.41030     0.08385    -0.49415     0.02009
       35.97041      140.40295     0.06420    -0.01944     0.08364     0.02009
       35.80333      140.40701     0.00910    -0.05245     0.06155     0.02010
       40.18332      140.40815    -0.37070     0.08467    -0.45537     0.02012
       36.86209      140.41327     0.01660    -0.04572     0.06232     0.02012
       37.98993      140.44257    -0.22530     0.07319    -0.29849     0.02018
       37.83350      140.44679    -0.15860     0.07032    -0.22892     0.02018
       39.05438      140.44733    -0.58240     0.05983    -0.64223     0.02018
       35.64235      140.44830     0.02730    -0.01164     0.03894     0.02018
       37.21056      140.45097    -0.05630    -0.04082    -0.01548     0.02019
       40.91018      140.45157    -0.23140     0.07602    -0.30742     0.02019
       37.44487      140.46403    -0.03220     0.05116    -0.08336     0.02020
       37.68331      140.46649    -0.14400     0.02589    -0.16989     0.02023
       36.34437      140.47633     0.10510    -0.00949     0.11459     0.02024
       40.62435      140.47853    -0.27810     0.08847    -0.36657     0.02025
       41.18508      140.49077    -0.17840     0.08408    -0.26248     0.02026
       38.75216      140.49726    -0.56660     0.06322    -0.62982     0.02027
       36.74303      140.49760     0.01280    -0.06818     0.08098     0.02027
       39.19910      140.50669    -0.64290     0.03140    -0.67430     0.02029
       41.71133      140.53503    -0.14550     0.04652    -0.19202     0.02035
       39.92139      140.53586    -0.47260     0.07792    -0.55052     0.02036
       42.98525      140.54394    -0.04190     0.05301    -0.09491     0.02036
       36.18131      140.54448     0.10000    -0.00633     0.10633     0.02036
       39.32700      140.55978    -0.63110     0.05989    -0.69099     0.02040
       37.08930      140.56164    -0.09100    -0.09503     0.00403     0.02040
       42.09861      140.56886    -0.08760     0.06558    -0.15318     0.02041
       37.59109      140.57165    -0.14220     0.01083    -0.15303     0.02042
       40.32505      140.57735    -0.36680     0.08456    -0.45136     0.02042
       40.52365      140.57815    -0.31820     0.08282    -0.40102     0.02043
       40.70628      140.58922    -0.27910     0.08038    -0.35948     0.02045
       39.50814      140.59609    -0.61440     0.06225    -0.67665     0.02047
       39.74916      140.59704    -0.54970     0.06700    -0.61670     0.02047
       42.80272      140.60352    -0.05700     0.04681    -0.10381     0.02047
       36.53993      140.61184     0.05430    -0.05287     0.10717     0.02049
       39.05190      140.62959    -0.72770     0.02448    -0.75218     0.02053
       41.04322      140.63589    -0.21570     0.07752    -0.29322     0.02054
       37.98441      140.64564    -0.30640     0.06089    -0.36729     0.02056
       35.77730      140.64682     0.01920    -0.01975     0.03895     0.02056
       35.95545      140.65924     0.10170     0.03445     0.06725     0.02058
       37.32547      140.66211    -0.14970    -0.07619    -0.07351     0.02058
       42.12314      140.66687    -0.06800     0.08279    -0.15079     0.02060
       36.93262      140.69015    -0.10580    -0.13476     0.02896     0.02064
       39.14620      140.71505    -0.79310     0.01329    -0.80639     0.02069
       41.97669      140.71544    -0.11360     0.05070    -0.16430     0.02069
       37.18309      140.71600    -0.16750    -0.12780    -0.03970     0.02069
       37.82460      140.72766    -0.26420     0.04332    -0.30752     0.02071
       38.57181      140.72772    -0.67770     0.05243    -0.73013     0.02071
       39.70268      140.73285    -0.62540     0.05793    -0.68333     0.02073
       41.82607      140.74783    -0.11820     0.06183    -0.18003     0.02076
       36.80031      140.75391    -0.08470    -0.13939     0.05469     0.02076
       38.25775      140.75470    -0.52430     0.06288    -0.58718     0.02076
       37.56055      140.75507    -0.22460    -0.04507    -0.17953     0.02076
       42.55138      140.76762    -0.06390     0.05351    -0.11741     0.02080
       39.35130      140.76918    -0.77940     0.02758    -0.80698     0.02080
       40.21544      140.78733    -0.43680     0.08569    -0.52249     0.02082
       38.74894      140.80164    -0.82510     0.02468    -0.84978     0.02085
       40.64357      140.80335    -0.31220     0.08232    -0.39452     0.02086
       42.04297      140.80554    -0.09680     0.06066    -0.15746     0.02087
       37.33670      140.80845    -0.21110    -0.10892    -0.10218     0.02087
       40.83441      140.81054    -0.26720     0.07952    -0.34672     0.02087
       41.14555      140.82199    -0.19910     0.08173    -0.28083     0.02090
       42.64629      140.82568    -0.06330     0.04750    -0.11080     0.02091
       38.93403      140.83319    -0.86580     0.03933    -0.90513     0.02092
       39.55446      140.83632    -0.73640     0.04677    -0.78317     0.02092
       35.72636      140.83723    -0.02190    -0.02130    -0.00060     0.02093
       37.01845      140.84165    -0.22610    -0.21301    -0.01309     0.02093
       38.02966      140.84399    -0.43770     0.05405    -0.49175     0.02093
       38.54622      140.84787    -0.78310     0.03581    -0.81891     0.02095
       38.41176      140.85137    -0.70210     0.04948    -0.75158     0.02096
       42.47390      140.87637    -0.06030     0.06121    -0.12151     0.02101
       41.45530      140.88051    -0.15820     0.07060    -0.22880     0.02101
       42.85789      140.88334    -0.05870     0.03938    -0.09808     0.02102
       42.55793      140.89880    -0.06320     0.05237    -0.11557     0.02104
       37.09071      140.90251    -0.27110    -0.22818    -0.04292     0.02104
       37.80067      140.90808    -0.35910     0.00605    -0.36515     0.02107
       41.74059      140.92933    -0.10820     0.08138    -0.18958     0.02109
       40.44763      140.94159    -0.38950     0.07924    -0.46874     0.02113
       42.37421      140.94241    -0.05840     0.06954    -0.12794     0.02113
       38.17712      140.94369    -0.62370     0.04459    -0.66829     0.02113
       38.31749      140.95418    -0.76540     0.01606    -0.78146     0.02115
       39.70109      140.96450    -0.75750     0.02843    -0.78593     0.02118
       41.19966      140.98381    -0.19240     0.08156    -0.27396     0.02120
       39.12701      140.98846    -1.00130     0.02863    -1.02993     0.02122
       40.92116      140.99023    -0.24920     0.08573    -0.33493     0.02123
       38.68613      141.00433    -1.00700     0.02754    -1.03454     0.02125
       40.10675      141.04646    -0.56170     0.06039    -0.62209     0.02133
       39.95308      141.06633    -0.64900     0.05257    -0.70157     0.02136
       42.66788      141.07496    -0.05510     0.05114    -0.10624     0.02137
       40.29108      141.07647    -0.45800     0.08927    -0.54727     0.02139
       42.42055      141.08106    -0.08320     0.03937    -0.12257     0.02140
       41.46616      141.09447    -0.15220     0.07516    -0.22736     0.02142
       40.57998      141.10602    -0.35250     0.08839    -0.44089     0.02145
       40.86236      141.13181    -0.29070     0.06480    -0.35550     0.02148
       41.83400      141.14218    -0.09180     0.08443    -0.17623     0.02151
       38.53948      141.14754    -1.15750    -0.00906    -1.14844     0.02152
       38.99546      141.14852    -1.16650     0.06380    -1.23030     0.02152
       38.66063      141.16072    -1.22030     0.00331    -1.22361     0.02155
       39.85125      141.16486    -0.73590     0.05597    -0.79187     0.02156
       39.59657      141.17210    -0.92410     0.02922    -0.95332     0.02156
       40.62507      141.19783    -0.33600     0.09620    -0.43220     0.02162
       39.11062      141.20392    -1.22720     0.03387    -1.26107     0.02162
       38.42506      141.21291    -1.12070     0.04160    -1.16230     0.02164
       41.30077      141.21328    -0.16650     0.08915    -0.25565     0.02164
       39.98057      141.22506    -0.66650     0.06934    -0.73584     0.02167
       38.90193      141.28319    -1.36470     0.06589    -1.43059     0.02178
       42.97138      141.29033    -0.03540     0.05108    -0.08648     0.02179
       39.46469      141.29300    -1.06630     0.06298    -1.12928     0.02180
       40.29115      141.29369    -0.50660     0.07464    -0.58124     0.02180
       38.50984      141.30440    -1.33040     0.03602    -1.36642     0.02181
       39.23537      141.31167    -1.25660     0.05994    -1.31654     0.02184
       38.74322      141.31786    -1.41780     0.07016    -1.48796     0.02184
       40.50876      141.33199    -0.38780     0.09829    -0.48609     0.02186
       42.54980      141.36148    -0.04930     0.05924    -0.10854     0.02192
       40.96824      141.36796    -0.23150     0.09956    -0.33106     0.02194
       40.67640      141.37621    -0.31190     0.11123    -0.42313     0.02195
       41.16093      141.38569    -0.19380     0.08945    -0.28325     0.02197
       39.01211      141.40085    -1.47070     0.10319    -1.57389     0.02200
       42.77319      141.40709    -0.06000     0.03437    -0.09437     0.02202
       39.63937      141.42613    -1.00470     0.07012    -1.07482     0.02206
       41.40471      141.44759    -0.12710     0.10589    -0.23299     0.02208
       38.68270      141.44937    -1.60520     0.11157    -1.71677     0.02210
       39.84902      141.45259    -0.80750     0.09808    -0.90558     0.02211
       40.04860      141.46194    -0.65560     0.10066    -0.75626     0.02212
       40.27104      141.48486    -0.51980     0.09827    -0.61807     0.02217
       38.30119      141.50069    -1.50460     0.02594    -1.53054     0.02219
       40.51536      141.51128    -0.37600     0.11836    -0.49436     0.02222
       39.33806      141.53416    -1.38760     0.08615    -1.47375     0.02225
       38.90286      141.57259    -1.77110     0.16434    -1.93544     0.02233
       39.14309      141.57549    -1.65030     0.09281    -1.74311     0.02234
       42.88443      141.57742    -0.05260     0.03260    -0.08520     0.02234
       42.65553      141.60226    -0.04000     0.05669    -0.09669     0.02239
       39.97096      141.66218    -0.72510     0.14226    -0.86736     0.02250
       39.59612      141.67529    -1.18070     0.10078    -1.28148     0.02252
       40.40520      141.71313    -0.42060     0.13835    -0.55895     0.02261
       42.98325      141.73067    -0.04770     0.02971    -0.07741     0.02263
       39.02378      141.73985    -2.00410     0.16274    -2.16684     0.02266
       40.13345      141.78910    -0.60210     0.14820    -0.75030     0.02274
       39.25352      141.79804    -1.78900     0.13505    -1.92405     0.02277
       39.84918      141.80385    -0.89140     0.14083    -1.03223     0.02277
       42.72944      141.86398     0.00570     0.09178    -0.08608     0.02289
       39.57239      141.93996    -1.35440     0.14353    -1.49793     0.02302
       39.86937      141.95054    -0.88960     0.16012    -1.04972     0.02305
       39.45816      141.95526    -1.56060     0.16496    -1.72556     0.02306
       39.73896      141.97022    -1.06580     0.17261    -1.23841     0.02309
       42.48128      142.06022    -0.03310     0.06069    -0.09379     0.02327
       42.93377      142.08460    -0.02050     0.05057    -0.07107     0.02331
       42.72724      142.29581    -0.02220     0.05148    -0.07368     0.02372
       42.35690      142.36460    -0.04720     0.04256    -0.08976     0.02384
       42.55426      142.39592    -0.04690     0.03129    -0.07819     0.02389
       42.98052      142.40197    -0.01630     0.04468    -0.06098     0.02392
       42.89063      142.53226    -0.00480     0.05553    -0.06033     0.02416
       42.24773      142.56745    -0.03550     0.05168    -0.08718     0.02423
       42.27723      142.76795    -0.01360     0.06263    -0.07623     0.02461
       42.13094      142.93539    -0.01860     0.05631    -0.07491     0.02493
       42.80334      142.95369     0.00280     0.05285    -0.05005     0.02496
       42.69927      143.10326    -0.01150     0.03631    -0.04781     0.02525
       42.48641      143.15197    -0.01810     0.03357    -0.05167     0.02533
       42.00586      143.15653    -0.02670     0.04150    -0.06820     0.02536
       42.93886      143.17057    -0.00620     0.03424    -0.04044     0.02537
       42.67396      143.31280    -0.01550     0.02579    -0.04129     0.02565
       42.12559      143.31570    -0.00440     0.05057    -0.05497     0.02565
       42.32159      143.33100    -0.00110     0.04755    -0.04865     0.02567
       42.55165      143.46114    -0.00280     0.03569    -0.03849     0.02593
       42.80651      143.49497     0.01860     0.05188    -0.03328     0.02599
       42.80034      143.65554    -0.00230     0.02642    -0.02872     0.02629
       42.89451      143.92695     0.00930     0.03012    -0.02082     0.02680
       42.96326      144.43194     0.00910     0.01914    -0.01004     0.02775
       42.98257      144.71915     0.01320     0.01859    -0.00539     0.02830
       38.88798      143.36219    -6.00000    -0.09435    -5.90565     0.02573
       38.63646      143.26334    -9.00000    -0.13419    -8.86581     0.02555
       38.08094      142.91663   -10.00000    -0.04101    -9.95899     0.02489
       38.14886      142.43315    -5.00000     0.05848    -5.05848     0.02398
       37.16611      142.08090    -2.00000    -0.43291    -1.56709     0.02331
