     lat_deg     lon_deg    depth_km  x_local_km  y_local_km   length_km    width_km  slp_strk_m  slp_ddip_m    slp_am_m  strike_deg     dip_deg    rake_deg sig_stk_MPa sig_ddi_MPa sig_nrm_MPa sig_cmb_MPa
     40.7161    144.4375      2.4197     10.0008     10.0000     20.0015     20.0000      0.0000      0.0000      0.0000    193.0347     14.0000      0.0000     -0.0038      0.0224     -0.0056      0.0204
     40.7564    144.2135      7.2577     10.0008     30.0000     20.0015     20.0000      0.0000      0.0000      0.0000    193.0347     14.0000      0.0000     -0.0039      0.0218     -0.0052      0.0200
     40.7964    143.9892     12.0961     10.0008     50.0000     20.0015     20.0000      0.0000      0.0000      0.0000    193.0347     14.0000      0.0000     -0.0058      0.0206     -0.0043      0.0197
     40.8359    143.7647     16.9345     10.0008     70.0000     20.0015     20.0000      0.0000      0.0000      0.0000    193.0347     14.0000      0.0000     -0.0093      0.0195     -0.0030      0.0198
     40.8751    143.5399     21.7730     10.0008     90.0000     20.0015     20.0000      0.0000      0.0000      0.0000    193.0347     14.0000      0.0000     -0.0138      0.0188     -0.0015      0.0208
     40.9138    143.3149     26.6114     10.0008    110.0000     20.0015     20.0000      0.0000      0.0000      0.0000    193.0347     14.0000      0.0000     -0.0186      0.0189      0.0001      0.0225
     40.9521    143.0896     31.4498     10.0008    130.0000     20.0015     20.0000      0.0000      0.0000      0.0000    193.0347     14.0000      0.0000     -0.0230      0.0195      0.0015      0.0248
     40.9899    142.8641     36.2883     10.0008    150.0000     20.0015     20.0000      0.0000      0.0000      0.0000    193.0347     14.0000      0.0000     -0.0265      0.0206      0.0027      0.0271
     41.0274    142.6383     41.1267     10.0008    170.0000     20.0015     20.0000      0.0000      0.0000      0.0000    193.0347     14.0000      0.0000     -0.0290      0.0219      0.0036      0.0292
     41.0644    142.4122     45.9652     10.0008    190.0000     20.0015     20.0000      0.0000      0.0000      0.0000    193.0347     14.0000      0.0000     -0.0304      0.0231      0.0043      0.0309
     40.5411    144.3824      2.4197     30.0023     10.0000     20.0015     20.0000      0.0000      0.0000      0.0000    193.0347     14.0000      0.0000     -0.0044      0.0281     -0.0070      0.0256
     40.5814    144.1590      7.2577     30.0023     30.0000     20.0015     20.0000      0.0000      0.0000      0.0000    193.0347     14.0000      0.0000     -0.0048      0.0273     -0.0065      0.0251
     40.6212    143.9353     12.0961     30.0023     50.0000     20.0015     20.0000      0.0000      0.0000      0.0000    193.0347     14.0000      0.0000     -0.0079      0.0257     -0.0052      0.0248
     40.6607    143.7113     16.9345     30.0023     70.0000     20.0015     20.0000      0.0000      0.0000      0.0000    193.0347     14.0000      0.0000     -0.0135      0.0244     -0.0032      0.0255
     40.6997    143.4871     21.7730     30.0023     90.0000     20.0015     20.0000      0.0000      0.0000      0.0000    193.0347     14.0000      0.0000     -0.0204      0.0240     -0.0009      0.0276
     40.7383    143.2626     26.6114     30.0023    110.0000     20.0015     20.0000      0.0000      0.0000      0.0000    193.0347     14.0000      0.0000     -0.0272      0.0247      0.0013      0.0306
     40.7765    143.0378     31.4498     30.0023    130.0000     20.0015     20.0000      0.0000      0.0000      0.0000    193.0347     14.0000      0.0000     -0.0329      0.0262      0.0032      0.0341
     40.8143    142.8129     36.2883     30.0023    150.0000     20.0015     20.0000      0.0000      0.0000      0.0000    193.0347     14.0000      0.0000     -0.0371      0.0280      0.0047      0.0374
     40.8516    142.5876     41.1267     30.0023    170.0000     20.0015     20.0000      0.0000      0.0000      0.0000    193.0347     14.0000      0.0000     -0.0395      0.0298      0.0057      0.0401
     40.8886    142.3621     45.9652     30.0023    190.0000     20.0015     20.0000      0.0000      0.0000      0.0000    193.0347     14.0000      0.0000     -0.0404      0.0312      0.0064      0.0419
     40.3661    144.3276      2.4197     50.0039     10.0000     20.0015     20.0000      0.0000      0.0000      0.0000    193.0347     14.0000      0.0000     -0.0050      0.0364     -0.0091      0.0329
     40.4063    144.1047      7.2577     50.0039     30.0000     20.0015     20.0000      0.0000      0.0000      0.0000    193.0347     14.0000      0.0000     -0.0058      0.0353     -0.0084      0.0323
     40.4461    143.8816     12.0961     50.0039     50.0000     20.0015     20.0000      0.0000      0.0000      0.0000    193.0347     14.0000      0.0000     -0.0115      0.0331     -0.0062      0.0323
     40.4854    143.6581     16.9345     50.0039     70.0000     20.0015     20.0000      0.0000      0.0000      0.0000    193.0347     14.0000      0.0000     -0.0209      0.0318     -0.0030      0.0344
     40.5243    143.4345     21.7730     50.0039     90.0000     20.0015     20.0000      0.0000      0.0000      0.0000    193.0347     14.0000      0.0000     -0.0315      0.0323      0.0004      0.0386
     40.5628    143.2105     26.6114     50.0039    110.0000     20.0015     20.0000      0.0000      0.0000      0.0000    193.0347     14.0000      0.0000     -0.0411      0.0342      0.0035      0.0439
     40.6009    142.9863     31.4498     50.0039    130.0000     20.0015     20.0000      0.0000      0.0000      0.0000    193.0347     14.0000      0.0000     -0.0483      0.0370      0.0060      0.0491
     40.6386    142.7619     36.2883     50.0039    150.0000     20.0015     20.0000      0.0000      0.0000      0.0000    193.0347     14.0000      0.0000     -0.0527      0.0397      0.0078      0.0535
     40.6759    142.5372     41.1267     50.0039    170.0000     20.0015     20.0000      0.0000      0.0000      0.0000    193.0347     14.0000      0.0000     -0.0545      0.0419      0.0089      0.0565
     40.7127    142.3123     45.9652     50.0039    190.0000     20.0015     20.0000      0.0000      0.0000      0.0000    193.0347     14.0000      0.0000     -0.0540      0.0434      0.0094      0.0580
     40.1911    144.2731      2.4197     70.0054     10.0000     20.0015     20.0000      0.0000      0.0000      0.0000    193.0347     14.0000      0.0000     -0.0052      0.0489     -0.0124      0.0439
     40.2312    144.0508      7.2577     70.0054     30.0000     20.0015     20.0000      0.0000      0.0000      0.0000    193.0347     14.0000      0.0000     -0.0072      0.0472     -0.0111      0.0432
     40.2708    143.8281     12.0961     70.0054     50.0000     20.0015     20.0000      0.0000      0.0000      0.0000    193.0347     14.0000      0.0000     -0.0184      0.0446     -0.0072      0.0447
     40.3101    143.6053     16.9345     70.0054     70.0000     20.0015     20.0000      0.0000      0.0000      0.0000    193.0347     14.0000      0.0000     -0.0349      0.0444     -0.0019      0.0502
     40.3489    143.3821     21.7730     70.0054     90.0000     20.0015     20.0000      0.0000      0.0000      0.0000    193.0347     14.0000      0.0000     -0.0513      0.0470      0.0034      0.0586
     40.3873    143.1587     26.6114     70.0054    110.0000     20.0015     20.0000      0.0000      0.0000      0.0000    193.0347     14.0000      0.0000     -0.0643      0.0512      0.0079      0.0673
     40.4253    142.9351     31.4498     70.0054    130.0000     20.0015     20.0000      0.0000      0.0000      0.0000    193.0347     14.0000      0.0000     -0.0723      0.0555      0.0111      0.0745
     40.4629    142.7112     36.2883     70.0054    150.0000     20.0015     20.0000      0.0000      0.0000      0.0000    193.0347     14.0000      0.0000     -0.0758      0.0589      0.0130      0.0795
     40.5001    142.4871     41.1267     70.0054    170.0000     20.0015     20.0000      0.0000      0.0000      0.0000    193.0347     14.0000      0.0000     -0.0755      0.0610      0.0139      0.0818
     40.5368    142.2627     45.9652     70.0054    190.0000     20.0015     20.0000      0.0000      0.0000      0.0000    193.0347     14.0000      0.0000     -0.0724      0.0617      0.0140      0.0818
     40.0161    144.2189      2.4197     90.0070     10.0000     20.0015     20.0000      0.0000      0.0000      0.0000    193.0347     14.0000      0.0000     -0.0039      0.0698     -0.0179      0.0618
     40.0561    143.9971      7.2577     90.0070     30.0000     20.0015     20.0000      0.0000      0.0000      0.0000    193.0347     14.0000      0.0000     -0.0099      0.0679     -0.0155      0.0622
     40.0956    143.7750     12.0961     90.0070     50.0000     20.0015     20.0000      0.0000      0.0000      0.0000    193.0347     14.0000      0.0000     -0.0342      0.0665     -0.0078      0.0693
     40.1348    143.5526     16.9345     90.0070     70.0000     20.0015     20.0000      0.0000      0.0000      0.0000    193.0347     14.0000      0.0000     -0.0638      0.0704      0.0016      0.0834
     40.1735    143.3300     21.7730     90.0070     90.0000     20.0015     20.0000      0.0000      0.0000      0.0000    193.0347     14.0000      0.0000     -0.0880      0.0771      0.0099      0.0987
     40.2118    143.1072     26.6114     90.0070    110.0000     20.0015     20.0000      0.0000      0.0000      0.0000    193.0347     14.0000      0.0000     -0.1033      0.0839      0.0160      0.1111
     40.2497    142.8841     31.4498     90.0070    130.0000     20.0015     20.0000      0.0000      0.0000      0.0000    193.0347     14.0000      0.0000     -0.1099      0.0889      0.0197      0.1189
     40.2872    142.6608     36.2883     90.0070    150.0000     20.0015     20.0000      0.0000      0.0000      0.0000    193.0347     14.0000      0.0000     -0.1096      0.0914      0.0214      0.1220
     40.3243    142.4372     41.1267     90.0070    170.0000     20.0015     20.0000      0.0000      0.0000      0.0000    193.0347     14.0000      0.0000     -0.1047      0.0915      0.0216      0.1210
     40.3609    142.2134     45.9652     90.0070    190.0000     20.0015     20.0000      0.0000      0.0000      0.0000    193.0347     14.0000      0.0000     -0.0968      0.0894      0.0207      0.1169
     39.8410    144.1650      2.4197    110.0085     10.0000     20.0015     20.0000      0.0000      0.0000      0.0000    193.0347     14.0000      0.0000      0.0023      0.1159     -0.0303      0.1003
     39.8809    143.9437      7.2577    110.0085     30.0000     20.0015     20.0000      0.0000      0.0000      0.0000    193.0347     14.0000      0.0000     -0.0233      0.1220     -0.0243      0.1144
     39.9204    143.7221     12.0961    110.0085     50.0000     20.0015     20.0000      0.0000      0.0000      0.0000    193.0347     14.0000      0.0000     -0.0784      0.1291     -0.0081      0.1400
     39.9594    143.5003     16.9345    110.0085     70.0000     20.0015     20.0000      0.0000      0.0000      0.0000    193.0347     14.0000      0.0000     -0.1268      0.1404      0.0077      0.1681
     39.9981    143.2782     21.7730    110.0085     90.0000     20.0015     20.0000      0.0000      0.0000      0.0000    193.0347     14.0000      0.0000     -0.1560      0.1479      0.0209      0.1871
     40.0363    143.0559     26.6114    110.0085    110.0000     20.0015     20.0000      0.0000      0.0000      0.0000    193.0347     14.0000      0.0000     -0.1679      0.1514      0.0297      0.1967
     40.0741    142.8334     31.4498    110.0085    130.0000     20.0015     20.0000      0.0000      0.0000      0.0000    193.0347     14.0000      0.0000     -0.1671      0.1510      0.0337      0.1978
     40.1115    142.6106     36.2883    110.0085    150.0000     20.0015     20.0000      0.0000      0.0000      0.0000    193.0347     14.0000      0.0000     -0.1579      0.1470      0.0344      0.1920
     40.1485    142.3875     41.1267    110.0085    170.0000     20.0015     20.0000      0.0000      0.0000      0.0000    193.0347     14.0000      0.0000     -0.1440      0.1401      0.0329      0.1816
     40.1850    142.1643     45.9652    110.0085    190.0000     20.0015     20.0000      0.0000      0.0000      0.0000    193.0347     14.0000      0.0000     -0.1280      0.1311      0.0303      0.1683
     39.6659    144.1113      2.4197    130.0101     10.0000     20.0015     20.0000      0.0228     -0.0626      0.0666    193.0347     14.0000     70.0000      0.0615      0.2720     -0.0732      0.2223
     39.7057    143.8905      7.2577    130.0101     30.0000     20.0015     20.0000      0.0063     -0.0174      0.0185    193.0347     14.0000     70.0000     -0.1317      0.4739     -0.0952      0.4532
     39.7451    143.6695     12.0961    130.0101     50.0000     20.0015     20.0000      0.0000      0.0000      0.0000    193.0347     14.0000      0.0000     -0.2591      0.4821     -0.0654      0.5013
     39.7840    143.4482     16.9345    130.0101     70.0000     20.0015     20.0000      0.0000      0.0000      0.0000    193.0347     14.0000      0.0000     -0.2941      0.4105     -0.0199      0.4574
     39.8226    143.2267     21.7730    130.0101     90.0000     20.0015     20.0000      0.0000      0.0000      0.0000    193.0347     14.0000      0.0000     -0.2850      0.3393      0.0204      0.4022
     39.8607    143.0049     26.6114    130.0101    110.0000     20.0015     20.0000      0.0000      0.0000      0.0000    193.0347     14.0000      0.0000     -0.2708      0.2977      0.0439      0.3678
     39.8984    142.7829     31.4498    130.0101    130.0000     20.0015     20.0000      0.0000      0.0000      0.0000    193.0347     14.0000      0.0000     -0.2502      0.2683      0.0520      0.3379
     39.9357    142.5606     36.2883    130.0101    150.0000     20.0015     20.0000      0.0000      0.0000      0.0000    193.0347     14.0000      0.0000     -0.2234      0.2419      0.0523      0.3062
     39.9726    142.3381     41.1267    130.0101    170.0000     20.0015     20.0000      0.0000      0.0000      0.0000    193.0347     14.0000      0.0000     -0.1944      0.2170      0.0486      0.2741
     40.0091    142.1154     45.9652    130.0101    190.0000     20.0015     20.0000      0.0000      0.0000      0.0000    193.0347     14.0000      0.0000     -0.1661      0.1933      0.0432      0.2426
     39.4908    144.0579      2.4197    150.0116     10.0000     20.0015     20.0000      0.3670     -1.3417      1.3910    193.0347     14.0000     74.6996      0.5190      0.2040      0.0041      0.0856
     39.5305    143.8376      7.2577    150.0116     30.0000     20.0015     20.0000      0.3375     -1.0886      1.1397    193.0347     14.0000     72.7772      0.0410      0.6093     -0.1054      0.5429
     39.5698    143.6171     12.0961    150.0116     50.0000     20.0015     20.0000      0.2495     -0.6880      0.7318    193.0347     14.0000     70.0651     -0.3218      0.8495     -0.2097      0.8157
     39.6086    143.3964     16.9345    150.0116     70.0000     20.0015     20.0000      0.1003     -0.2755      0.2931    193.0347     14.0000     70.0000     -0.5324      1.0067     -0.1480      1.0404
     39.6471    143.1754     21.7730    150.0116     90.0000     20.0015     20.0000      0.0000      0.0000      0.0000    193.0347     14.0000      0.0000     -0.5592      0.9985     -0.0415      1.0809
     39.6851    142.9541     26.6114    150.0116    110.0000     20.0015     20.0000      0.0000      0.0000      0.0000    193.0347     14.0000      0.0000     -0.4320      0.6602      0.0321      0.7523
     39.7228    142.7327     31.4498    150.0116    130.0000     20.0015     20.0000      0.0000      0.0000      0.0000    193.0347     14.0000      0.0000     -0.3644      0.4962      0.0635      0.5899
     39.7600    142.5109     36.2883    150.0116    150.0000     20.0015     20.0000      0.0000      0.0000      0.0000    193.0347     14.0000      0.0000     -0.3062      0.4027      0.0712      0.4890
     39.7968    142.2890     41.1267    150.0116    170.0000     20.0015     20.0000      0.0000      0.0000      0.0000    193.0347     14.0000      0.0000     -0.2546      0.3366      0.0674      0.4116
     39.8332    142.0668     45.9652    150.0116    190.0000     20.0015     20.0000      0.0000      0.0000      0.0000    193.0347     14.0000      0.0000     -0.2094      0.2840      0.0591      0.3469
     39.3157    144.0048      2.4197    170.0132     10.0000     20.0015     20.0000      0.9334     -4.7609      4.8516    193.0347     14.0000     78.9077      1.1657     -0.2052      0.2141     -0.3726
     39.3553    143.7850      7.2577    170.0132     30.0000     20.0015     20.0000      0.9239     -4.1268      4.2290    193.0347     14.0000     77.3810      0.3514      0.2843      0.0630      0.2246
     39.3945    143.5650     12.0961    170.0132     50.0000     20.0015     20.0000      0.7817     -3.0614      3.1596    193.0347     14.0000     75.6764     -0.2698      0.7368     -0.2896      0.6624
     39.4332    143.3448     16.9345    170.0132     70.0000     20.0015     20.0000      0.4557     -1.8385      1.8941    193.0347     14.0000     76.0803     -0.6417      1.2141     -0.3236      1.1965
     39.4716    143.1243     21.7730    170.0132     90.0000     20.0015     20.0000      0.1111     -0.7616      0.7696    193.0347     14.0000     81.6982     -0.8311      1.5208     -0.1976      1.5880
     39.5095    142.9036     26.6114    170.0132    110.0000     20.0015     20.0000     -0.0457     -0.1256      0.1336    193.0347     14.0000    110.0000     -0.7666      1.4672     -0.0513      1.5800
     39.5471    142.6827     31.4498    170.0132    130.0000     20.0015     20.0000      0.0000      0.0000      0.0000    193.0347     14.0000      0.0000     -0.5031      0.9990      0.0414      1.1021
     39.5842    142.4615     36.2883    170.0132    150.0000     20.0015     20.0000      0.0000      0.0000      0.0000    193.0347     14.0000      0.0000     -0.4026      0.6814      0.0787      0.7851
     39.6209    142.2401     41.1267    170.0132    170.0000     20.0015     20.0000      0.0000      0.0000      0.0000    193.0347     14.0000      0.0000     -0.3188      0.5214      0.0834      0.6124
     39.6572    142.0184     45.9652    170.0132    190.0000     20.0015     20.0000      0.0000      0.0000      0.0000    193.0347     14.0000      0.0000     -0.2535      0.4139      0.0747      0.4897
     39.1405    143.9519      2.4197    190.0147     10.0000     20.0015     20.0000      1.6477    -10.8206     10.9453    193.0347     14.0000     81.3418      1.8377     -1.0198      0.5925     -1.1643
     39.1800    143.7327      7.2577    190.0147     30.0000     20.0015     20.0000      1.6833     -9.6165      9.7627    193.0347     14.0000     80.0714      0.6909     -0.5697      0.4479     -0.5294
     39.2191    143.5132     12.0961    190.0147     50.0000     20.0015     20.0000      1.5398     -7.6181      7.7722    193.0347     14.0000     78.5732     -0.1187      0.0304     -0.2075     -0.0270
     39.2578    143.2935     16.9345    190.0147     70.0000     20.0015     20.0000      0.9877     -5.2234      5.3159    193.0347     14.0000     79.2920     -0.7191      0.8346     -0.4671      0.7862
     39.2960    143.0735     21.7730    190.0147     90.0000     20.0015     20.0000      0.3329     -2.8377      2.8571    193.0347     14.0000     83.3092     -1.1251      1.6263     -0.4322      1.6622
     39.3339    142.8534     26.6114    190.0147    110.0000     20.0015     20.0000     -0.0649     -1.0462      1.0482    193.0347     14.0000     93.5485     -1.1630      2.0451     -0.2334      2.1585
     39.3713    142.6329     31.4498    190.0147    130.0000     20.0015     20.0000     -0.0690     -0.1896      0.2018    193.0347     14.0000    110.0000     -0.7779      1.8089     -0.0468      1.9176
     39.4084    142.4123     36.2883    190.0147    150.0000     20.0015     20.0000      0.0000      0.0000      0.0000    193.0347     14.0000      0.0000     -0.4727      1.2474      0.0532      1.3424
     39.4450    142.1914     41.1267    190.0147    170.0000     20.0015     20.0000      0.0000      0.0000      0.0000    193.0347     14.0000      0.0000     -0.3632      0.8374      0.0843      0.9307
     39.4812    141.9703     45.9652    190.0147    190.0000     20.0015     20.0000      0.0000      0.0000      0.0000    193.0347     14.0000      0.0000     -0.2863      0.6123      0.0832      0.6937
     38.9654    143.8993      2.4197    210.0163     10.0000     20.0015     20.0000      2.5453    -19.4801     19.6457    193.0347     14.0000     82.5558      2.3589     -2.2621      1.1754     -2.2580
     39.0048    143.6806      7.2577    210.0163     30.0000     20.0015     20.0000      2.4948    -17.5367     17.7132    193.0347     14.0000     81.9034      0.8389     -1.9685      1.0682     -1.6781
     39.0437    143.4616     12.0961    210.0163     50.0000     20.0015     20.0000      2.3244    -14.3171     14.5045    193.0347     14.0000     80.7783     -0.0740     -1.2414      0.0654     -1.1681
     39.0823    143.2424     16.9345    210.0163     70.0000     20.0015     20.0000      1.6022    -10.3751     10.4981    193.0347     14.0000     81.2212     -0.8506     -0.0745     -0.5825     -0.1174
     39.1205    143.0230     21.7730    210.0163     90.0000     20.0015     20.0000      0.7650     -6.2504      6.2970    193.0347     14.0000     83.0223     -1.3220      1.3637     -0.7283      1.3312
     39.1582    142.8033     26.6114    210.0163    110.0000     20.0015     20.0000      0.1021     -2.9544      2.9562    193.0347     14.0000     88.0202     -1.4590      2.3219     -0.5102      2.3832
     39.1956    142.5834     31.4498    210.0163    130.0000     20.0015     20.0000     -0.2059     -1.0202      1.0408    193.0347     14.0000    101.4092     -1.2722      2.4412     -0.2224      2.5733
     39.2326    142.3633     36.2883    210.0163    150.0000     20.0015     20.0000     -0.1205     -0.3311      0.3524    193.0347     14.0000    110.0000     -0.7275      1.7929     -0.0315      1.8968
     39.2691    142.1429     41.1267    210.0163    170.0000     20.0015     20.0000     -0.0638     -0.1752      0.1864    193.0347     14.0000    110.0000     -0.4703      1.1395      0.0512      1.2358
     39.3052    141.9223     45.9652    210.0163    190.0000     20.0015     20.0000     -0.0286     -0.0787      0.0838    193.0347     14.0000    110.0000     -0.3355      0.8152      0.0738      0.8987
     38.7902    143.8470      2.4197    230.0178     10.0000     20.0015     20.0000      3.8524    -29.9291     30.1760    193.0347     14.0000     82.6653      2.5991     -3.8264      1.9349     -3.5329
     38.8295    143.6288      7.2577    230.0178     30.0000     20.0015     20.0000      3.4084    -27.3414     27.5530    193.0347     14.0000     82.8940      0.6036     -4.0333      1.8750     -3.3168
     38.8683    143.4103     12.0961    230.0178     50.0000     20.0015     20.0000      2.8106    -22.5937     22.7678    193.0347     14.0000     82.9090     -0.8824     -3.0543      0.2140     -2.6975
     38.9068    143.1916     16.9345    230.0178     70.0000     20.0015     20.0000      2.3321    -16.5862     16.7494    193.0347     14.0000     81.9965     -1.1385     -1.0902     -0.8186     -1.1386
     38.9449    142.9727     21.7730    230.0178     90.0000     20.0015     20.0000      1.6174    -10.5810     10.7039    193.0347     14.0000     81.3091     -1.2005      0.9467     -1.0578      0.7659
     38.9826    142.7535     26.6114    230.0178    110.0000     20.0015     20.0000      0.7225     -5.7510      5.7962    193.0347     14.0000     82.8394     -1.3592      2.2847     -0.8331      2.1956
     39.0198    142.5342     31.4498    230.0178    130.0000     20.0015     20.0000     -0.0104     -2.6065      2.6066    193.0347     14.0000     90.2278     -1.4396      2.7107     -0.4721      2.7734
     39.0567    142.3145     36.2883    230.0178    150.0000     20.0015     20.0000     -0.3117     -1.0664      1.1110    193.0347     14.0000    106.2918     -1.2208      2.2829     -0.1874      2.4216
     39.0932    142.0947     41.1267    230.0178    170.0000     20.0015     20.0000     -0.1953     -0.5365      0.5709    193.0347     14.0000    110.0000     -0.6678      1.4763     -0.0302      1.5754
     39.1292    141.8746     45.9652    230.0178    190.0000     20.0015     20.0000     -0.1064     -0.2925      0.3112    193.0347     14.0000    110.0000     -0.4307      0.9364      0.0372      1.0234
     38.6149    143.7949      2.4197    250.0194     10.0000     20.0015     20.0000      5.7837    -40.3353     40.7478    193.0347     14.0000     81.8400      2.5201     -5.3237      2.6518     -4.6888
     38.6541    143.5772      7.2577    250.0194     30.0000     20.0015     20.0000      5.2867    -37.5166     37.8872    193.0347     14.0000     81.9789      0.8929     -6.5612      2.6984     -5.5168
     38.6929    143.3592     12.0961    250.0194     50.0000     20.0015     20.0000      4.4269    -31.2972     31.6088    193.0347     14.0000     81.9491     -0.6881     -5.3818      0.0234     -5.0866
     38.7313    143.1410     16.9345    250.0194     70.0000     20.0015     20.0000      3.9741    -22.9009     23.2432    193.0347     14.0000     80.1553     -0.5291     -1.8689     -1.1350     -2.1594
     38.7693    142.9226     21.7730    250.0194     90.0000     20.0015     20.0000      3.0570    -15.3391     15.6408    193.0347     14.0000     78.7291     -0.5533      0.3911     -1.3077     -0.0192
     38.8069    142.7040     26.6114    250.0194    110.0000     20.0015     20.0000      1.8198     -9.1932      9.3716    193.0347     14.0000     78.8030     -0.8550      1.8933     -1.1042      1.5939
     38.8441    142.4851     31.4498    250.0194    130.0000     20.0015     20.0000      0.6553     -4.8400      4.8841    193.0347     14.0000     82.2893     -1.1561      2.5879     -0.7341      2.4860
     38.8808    142.2660     36.2883    250.0194    150.0000     20.0015     20.0000     -0.1106     -2.2584      2.2611    193.0347     14.0000     92.8048     -1.2401      2.4944     -0.3885      2.5516
     38.9172    142.0467     41.1267    250.0194    170.0000     20.0015     20.0000     -0.3286     -1.0109      1.0630    193.0347     14.0000    108.0039     -0.9696      1.9075     -0.1551      2.0128
     38.9532    141.8272     45.9652    250.0194    190.0000     20.0015     20.0000     -0.1901     -0.5224      0.5559    193.0347     14.0000    110.0000     -0.5237      1.1315     -0.0265      1.2088
     38.4397    143.7430      2.4197    270.0209     10.0000     20.0015     20.0000      8.0234    -48.3532     49.0144    193.0347     14.0000     80.5786      2.1231     -6.2746      3.0357     -5.3746
     38.4788    143.5258      7.2577    270.0209     30.0000     20.0015     20.0000      8.1103    -45.1711     45.8934    193.0347     14.0000     79.8213      2.0412     -7.8988      3.1745     -6.8849
     38.5175    143.3084     12.0961    270.0209     50.0000     20.0015     20.0000      7.9808    -38.1756     39.0009    193.0347     14.0000     78.1921      2.3576     -6.7088      0.3401     -6.9282
     38.5558    143.0907     16.9345    270.0209     70.0000     20.0015     20.0000      6.4588    -28.7927     29.5083    193.0347     14.0000     77.3566      1.2686     -3.0571     -0.9813     -3.6546
     38.5937    142.8728     21.7730    270.0209     90.0000     20.0015     20.0000      4.7602    -20.1537     20.7082    193.0347     14.0000     76.7107      0.4215     -0.5776     -1.2947     -1.1744
     38.6312    142.6547     26.6114    270.0209    110.0000     20.0015     20.0000      3.1415    -12.9391     13.3150    193.0347     14.0000     76.3532     -0.0834      1.1102     -1.2180      0.6139
     38.6683    142.4363     31.4498    270.0209    130.0000     20.0015     20.0000      1.6141     -7.4722      7.6445    193.0347     14.0000     77.8104     -0.5413      2.0869     -0.9251      1.7849
     38.7050    142.2177     36.2883    270.0209    150.0000     20.0015     20.0000      0.4168     -3.7816      3.8045    193.0347     14.0000     83.7101     -0.8895      2.4025     -0.5808      2.3075
     38.7412    141.9989     41.1267    270.0209    170.0000     20.0015     20.0000     -0.1955     -1.6403      1.6519    193.0347     14.0000     96.7970     -0.9105      2.1911     -0.2954      2.2201
     38.7771    141.7799     45.9652    270.0209    190.0000     20.0015     20.0000     -0.2567     -0.7053      0.7506    193.0347     14.0000    110.0000     -0.6196      1.4344     -0.1058      1.4936
     38.2644    143.6914      2.4192    290.0225     10.0000     20.0015     20.0000      9.8957    -52.6885     53.6097    193.0347     14.0000     79.3629      1.4311     -6.4457      2.9797     -5.4108
     38.3034    143.4747      7.2577    290.0225     30.0000     20.0015     20.0000      9.7808    -49.3101     50.2708    193.0347     14.0000     78.7808      2.0118     -8.0761      3.2806     -7.0089
     38.3420    143.2578     12.0961    290.0225     50.0000     20.0015     20.0000      9.1544    -42.4693     43.4448    193.0347     14.0000     77.8359      2.2145     -7.2440      1.0563     -7.1320
     38.3802    143.0406     16.9345    290.0225     70.0000     20.0015     20.0000      7.6745    -33.3852     34.2560    193.0347     14.0000     77.0539      1.7234     -4.4124     -0.4174     -4.8514
     38.4181    142.8232     21.7730    290.0225     90.0000     20.0015     20.0000      6.0089    -24.3225     25.0538    193.0347     14.0000     76.1229      1.2764     -1.8323     -1.0014     -2.4700
     38.4555    142.6056     26.6114    290.0225    110.0000     20.0015     20.0000      4.2601    -16.4375     16.9806    193.0347     14.0000     75.4703      0.8119      0.0198     -1.1275     -0.6114
     38.4925    142.3877     31.4498    290.0225    130.0000     20.0015     20.0000      2.4723    -10.1104     10.4083    193.0347     14.0000     76.2589      0.1720      1.2414     -0.9908      0.7762
     38.5291    142.1697     36.2883    290.0225    150.0000     20.0015     20.0000      0.9625     -5.3842      5.4695    193.0347     14.0000     79.8647     -0.4367      2.0242     -0.7166      1.7840
     38.5653    141.9514     41.1267    290.0225    170.0000     20.0015     20.0000      0.0400     -2.2929      2.2932    193.0347     14.0000     89.0010     -0.7272      2.3188     -0.4194      2.2545
     38.6011    141.7329     45.9652    290.0225    190.0000     20.0015     20.0000     -0.2883     -0.7921      0.8429    193.0347     14.0000    110.0000     -0.7145      1.8178     -0.1837      1.8574
     38.0891    143.6401      2.4197    310.0240     10.0000     20.0015     20.0000     11.0165    -53.2434     54.3712    193.0347     14.0000     78.3100      0.5703     -6.0125      2.6213     -4.9411
     38.1280    143.4239      7.2577    310.0240     30.0000     20.0015     20.0000     10.5013    -50.2432     51.3289    193.0347     14.0000     78.1946      1.4704     -7.9104      3.1429     -6.7824
     38.1666    143.2074     12.0961    310.0240     50.0000     20.0015     20.0000      9.3339    -44.2204     45.1947    193.0347     14.0000     78.0811      1.5955     -7.7675      1.3241     -7.3983
     38.2047    142.9908     16.9345    310.0240     70.0000     20.0015     20.0000      7.8279    -35.7247     36.5723    193.0347     14.0000     77.6408      1.5059     -5.3338     -0.0000     -5.5349
     38.2424    142.7739     21.7730    310.0240     90.0000     20.0015     20.0000      6.2791    -26.8856     27.6091    193.0347     14.0000     76.8543      1.5447     -2.8978     -0.6247     -3.4178
     38.2797    142.5567     26.6114    310.0240    110.0000     20.0015     20.0000      4.5160    -18.8805     19.4131    193.0347     14.0000     76.5482      1.1763     -1.0445     -0.9150     -1.6450
     38.3166    142.3394     31.4498    310.0240    130.0000     20.0015     20.0000      2.7077    -12.1447     12.4429    193.0347     14.0000     77.4311      0.4770      0.2653     -0.9579     -0.2301
     38.3531    142.1218     36.2883    310.0240    150.0000     20.0015     20.0000      1.2194     -6.6508      6.7617    193.0347     14.0000     79.6107     -0.1567      1.5271     -0.7868      1.2092
     38.3893    141.9041     41.1267    310.0240    170.0000     20.0015     20.0000      0.2843     -2.7765      2.7910    193.0347     14.0000     84.1537     -0.4655      2.3466     -0.5061      2.1889
     38.4250    141.6861     45.9652    310.0240    190.0000     20.0015     20.0000     -0.1241     -0.7913      0.8010    193.0347     14.0000     98.9115     -0.5085      2.1576     -0.2439      2.1191
     37.9138    143.5890      2.4197    330.0256     10.0000     20.0015     20.0000     11.3593    -50.3506     51.6160    193.0347     14.0000     77.2867     -0.2962     -5.2272      2.1275     -4.1809
     37.9526    143.3733      7.2577    330.0256     30.0000     20.0015     20.0000     10.7833    -47.8376     49.0379    193.0347     14.0000     77.2970      1.0753     -7.2448      2.7821     -6.1902
     37.9911    143.1573     12.0961    330.0256     50.0000     20.0015     20.0000      9.5780    -42.7167     43.7774    193.0347     14.0000     77.3622      1.8132     -7.5198      1.3185     -7.2072
     38.0291    142.9412     16.9345    330.0256     70.0000     20.0015     20.0000      7.7259    -35.1063     35.9464    193.0347     14.0000     77.5887      1.6483     -5.4268      0.1921     -5.5803
     38.0667    142.7248     21.7730    330.0256     90.0000     20.0015     20.0000      5.5735    -27.0079     27.5770    193.0347     14.0000     78.3399      0.9617     -3.2759     -0.4000     -3.5676
     38.1040    142.5081     26.6114    330.0256    110.0000     20.0015     20.0000      3.6638    -19.4356     19.7779    193.0347     14.0000     79.3244      0.3738     -1.5479     -0.7750     -1.9022
     38.1408    142.2913     31.4498    330.0256    130.0000     20.0015     20.0000      2.1992    -12.8292     13.0164    193.0347     14.0000     80.2729      0.0288     -0.2684     -0.9230     -0.6373
     38.1772    142.0742     36.2883    330.0256    150.0000     20.0015     20.0000      1.1677     -7.1161      7.2113    193.0347     14.0000     80.6809     -0.1254      1.2553     -0.8159      0.9256
     38.2132    141.8569     41.1267    330.0256    170.0000     20.0015     20.0000      0.4934     -2.9246      2.9659    193.0347     14.0000     80.4240     -0.1763      2.3630     -0.5508      2.1230
     38.2489    141.6394     45.9652    330.0256    190.0000     20.0015     20.0000      0.1473     -0.7314      0.7460    193.0347     14.0000     78.6155     -0.1195      2.3451     -0.2781      2.2021
     37.7385    143.5382      2.4192    350.0271     10.0000     20.0015     20.0000     10.9396    -44.6855     46.0051    193.0347     14.0000     76.2438     -1.0119     -4.2848      1.5967     -3.3158
     37.7772    143.3229      7.2577    350.0271     30.0000     20.0015     20.0000     10.4137    -42.4141     43.6738    193.0347     14.0000     76.2054      0.6511     -5.9826      2.1931     -5.1011
     37.8155    143.1075     12.0961    350.0271     50.0000     20.0015     20.0000      9.2298    -37.8803     38.9886    193.0347     14.0000     76.3063      1.7294     -5.9937      1.1597     -5.7640
     37.8535    142.8918     16.9345    350.0271     70.0000     20.0015     20.0000      7.2226    -31.5043     32.3217    193.0347     14.0000     77.0876      1.5170     -4.4617      0.2068     -4.6040
     37.8910    142.6759     21.7730    350.0271     90.0000     20.0015     20.0000      4.8752    -24.5867     25.0654    193.0347     14.0000     78.7845      0.6004     -2.7537     -0.3965     -2.9769
     37.9282    142.4597     26.6114    350.0271    110.0000     20.0015     20.0000      3.0046    -17.9545     18.2041    193.0347     14.0000     80.4997     -0.0610     -1.2962     -0.7754     -1.5607
     37.9649    142.2434     31.4498    350.0271    130.0000     20.0015     20.0000      1.8713    -11.9488     12.0944    193.0347     14.0000     81.0992     -0.1522     -0.0332     -0.9177     -0.3658
     38.0013    142.0268     36.2883    350.0271    150.0000     20.0015     20.0000      1.1924     -6.6979      6.8032    193.0347     14.0000     79.9053      0.0024      1.3351     -0.8129      0.9763
     38.0372    141.8100     41.1267    350.0271    170.0000     20.0015     20.0000      0.6618     -2.7646      2.8427    193.0347     14.0000     76.5381      0.0528      2.3542     -0.5553      2.0620
     38.0728    141.5931     45.9652    350.0271    190.0000     20.0015     20.0000      0.2516     -0.6913      0.7356    193.0347     14.0000     70.0000     -0.0087      2.2845     -0.2877      2.1147
     37.5631    143.4875      2.4197    370.0287     10.0000     20.0015     20.0000      9.8072    -37.3162     38.5834    193.0347     14.0000     75.2750     -1.4953     -3.2758      1.0697     -2.4356
     37.6018    143.2728      7.2577    370.0287     30.0000     20.0015     20.0000      9.2993    -35.2676     36.4730    193.0347     14.0000     75.2285      0.1257     -4.5316      1.5602     -3.8229
     37.6400    143.0578     12.0961    370.0287     50.0000     20.0015     20.0000      8.1987    -31.3864     32.4396    193.0347     14.0000     75.3604      1.2098     -4.3249      0.8776     -4.1343
     37.6779    142.8426     16.9345    370.0287     70.0000     20.0015     20.0000      6.5255    -26.2521     27.0510    193.0347     14.0000     76.0409      1.2866     -3.1813      0.1116     -3.3425
     37.7153    142.6272     21.7730    370.0287     90.0000     20.0015     20.0000      4.6945    -20.6907     21.2166    193.0347     14.0000     77.2165      0.8769     -1.8904     -0.4285     -2.2090
     37.7524    142.4116     26.6114    370.0287    110.0000     20.0015     20.0000      3.2315    -15.3029     15.6404    193.0347     14.0000     78.0761      0.5427     -0.7417     -0.7459     -1.1418
     37.7890    142.1957     31.4498    370.0287    130.0000     20.0015     20.0000      2.2596    -10.3302     10.5744    193.0347     14.0000     77.6614      0.4640      0.3154     -0.8485     -0.1345
     37.8253    141.9796     36.2883    370.0287    150.0000     20.0015     20.0000      1.5273     -5.9387      6.1319    193.0347     14.0000     75.5768      0.4245      1.3682     -0.7474      0.9413
     37.8612    141.7634     41.1267    370.0287    170.0000     20.0015     20.0000      0.8249     -2.5495      2.6796    193.0347     14.0000     72.0705      0.2206      2.1762     -0.5183      1.8660
     37.8966    141.5469     45.9652    370.0287    190.0000     20.0015     20.0000      0.2585     -0.7101      0.7557    193.0347     14.0000     70.0000     -0.0445      2.0452     -0.2774      1.8933
     37.3877    143.4372      2.4192    390.0302     10.0000     20.0015     20.0000      8.1866    -29.4389     30.5560    193.0347     14.0000     74.4595     -1.7322     -2.2903      0.6093     -1.6063
     37.4263    143.2229      7.2577    390.0302     30.0000     20.0015     20.0000      7.7377    -27.7221     28.7817    193.0347     14.0000     74.4047     -0.3310     -3.1772      0.9947     -2.6272
     37.4644    143.0084     12.0961    390.0302     50.0000     20.0015     20.0000      6.8715    -24.5876     25.5297    193.0347     14.0000     74.3859      0.6863     -2.8720      0.5625     -2.7276
     37.5022    142.7937     16.9345    390.0302     70.0000     20.0015     20.0000      5.7450    -20.5975     21.3837    193.0347     14.0000     74.4154      1.0772     -1.9498      0.0418     -2.1232
     37.5396    142.5788     21.7730    390.0302     90.0000     20.0015     20.0000      4.6340    -16.3994     17.0415    193.0347     14.0000     74.2212      1.2304     -0.9994     -0.3093     -1.3707
     37.5766    142.3636     26.6114    390.0302    110.0000     20.0015     20.0000      3.6997    -12.4691     13.0064    193.0347     14.0000     73.4738      1.3183     -0.3079     -0.5248     -0.8021
     37.6131    142.1482     31.4498    390.0302    130.0000     20.0015     20.0000      2.8412     -8.8569      9.3015    193.0347     14.0000     72.2145      1.2378      0.2273     -0.6289     -0.3039
     37.6493    141.9327     36.2883    390.0302    150.0000     20.0015     20.0000      1.9177     -5.4365      5.7648    193.0347     14.0000     70.5699      0.8859      0.9555     -0.5936      0.4982
     37.6851    141.7169     41.1267    390.0302    170.0000     20.0015     20.0000      0.9253     -2.5424      2.7055    193.0347     14.0000     70.0000      0.2757      1.7007     -0.4401      1.4214
     37.7205    141.5009     45.9652    390.0302    190.0000     20.0015     20.0000      0.2984     -0.8199      0.8725    193.0347     14.0000     70.0000     -0.0050      1.7044     -0.2526      1.5621
     37.2123    143.3870      2.4197    410.0318     10.0000     20.0015     20.0000      6.4074    -22.0186     22.9319    193.0347     14.0000     73.7751     -1.7388     -1.4308      0.2519     -0.9096
     37.2508    143.1732      7.2577    410.0318     30.0000     20.0015     20.0000      6.0772    -20.7104     21.5837    193.0347     14.0000     73.6465     -0.6131     -2.0327      0.5402     -1.6305
     37.2889    142.9592     12.0961    410.0318     50.0000     20.0015     20.0000      5.4983    -18.3535     19.1594    193.0347     14.0000     73.3230      0.2909     -1.7199      0.3074     -1.6187
     37.3265    142.7450     16.9345    410.0318     70.0000     20.0015     20.0000      4.8322    -15.4094     16.1493    193.0347     14.0000     72.5891      0.8195     -0.9752      0.0449     -1.1145
     37.3638    142.5305     21.7730    410.0318     90.0000     20.0015     20.0000      4.2285    -12.4535     13.1518    193.0347     14.0000     71.2453      1.2462     -0.2842     -0.0655     -0.5792
     37.4007    142.3159     26.6114    410.0318    110.0000     20.0015     20.0000      3.6342     -9.9849     10.6257    193.0347     14.0000     70.0000      1.5135     -0.1342     -0.1656     -0.5322
     37.4372    142.1010     31.4498    410.0318    130.0000     20.0015     20.0000      2.8582     -7.8528      8.3568    193.0347     14.0000     70.0000      1.3924     -0.3810     -0.3044     -0.8015
     37.4733    141.8859     36.2883    410.0318    150.0000     20.0015     20.0000      1.9333     -5.3118      5.6527    193.0347     14.0000     70.0000      1.0293      0.1292     -0.3780     -0.2530
     37.5090    141.6706     41.1267    410.0318    170.0000     20.0015     20.0000      0.9809     -2.6949      2.8679    193.0347     14.0000     70.0000      0.4905      1.1192     -0.3324      0.8499
     37.5443    141.4551     45.9652    410.0318    190.0000     20.0015     20.0000      0.3669     -1.0080      1.0727    193.0347     14.0000     70.0000      0.1766      1.3036     -0.2185      1.1448
     37.0369    143.3371      2.4197    430.0333     10.0000     20.0015     20.0000      4.7441    -15.6387     16.3424    193.0347     14.0000     73.1245     -1.5741     -0.7405      0.0022     -0.3727
     37.0753    143.1238      7.2577    430.0333     30.0000     20.0015     20.0000      4.5511    -14.7509     15.4370    193.0347     14.0000     72.8532     -0.7197     -1.1398      0.2134     -0.8669
     37.1133    142.9103     12.0961    430.0333     50.0000     20.0015     20.0000      4.2177    -13.1516     13.8114    193.0347     14.0000     72.2193      0.0319     -0.9087      0.1460     -0.8348
     37.1509    142.6965     16.9345    430.0333     70.0000     20.0015     20.0000      3.8114    -11.1629     11.7956    193.0347     14.0000     71.1483      0.5050     -0.3980      0.0729     -0.4707
     37.1881    142.4825     21.7730    430.0333     90.0000     20.0015     20.0000      3.3593     -9.2296      9.8220    193.0347     14.0000     70.0000      0.8236      0.0746      0.1341     -0.0559
     37.2249    142.2684     26.6114    430.0333    110.0000     20.0015     20.0000      2.8496     -7.8291      8.3316    193.0347     14.0000     70.0000      1.0328     -0.0305      0.1316     -0.2058
     37.2613    142.0540     31.4498    430.0333    130.0000     20.0015     20.0000      2.2467     -6.8354      7.1952    193.0347     14.0000     71.8053      1.1243     -0.8017     -0.0191     -1.0383
     37.2973    141.8394     36.2883    430.0333    150.0000     20.0015     20.0000      1.3726     -5.1045      5.2859    193.0347     14.0000     74.9496      0.6995     -0.5495     -0.1768     -0.7614
     37.3329    141.6246     41.1267    430.0333    170.0000     20.0015     20.0000      0.6165     -2.8634      2.9290    193.0347     14.0000     77.8497      0.2848      0.5233     -0.2288      0.3557
     37.3681    141.4096     45.9652    430.0333    190.0000     20.0015     20.0000      0.2103     -1.2988      1.3157    193.0347     14.0000     80.8043      0.1109      0.7592     -0.1875      0.6408
     36.8615    143.2874      2.4197    450.0349     10.0000     20.0015     20.0000      3.3379    -10.5339     11.0501    193.0347     14.0000     72.4179     -1.3174     -0.2357     -0.1559     -0.0005
     36.8998    143.0746      7.2577    450.0349     30.0000     20.0015     20.0000      3.2569    -10.0176     10.5337    193.0347     14.0000     71.9898     -0.7136     -0.5006      0.0031     -0.3289
     36.9377    142.8615     12.0961    450.0349     50.0000     20.0015     20.0000      3.0974     -9.0841      9.5976    193.0347     14.0000     71.1722     -0.1256     -0.3990      0.0682     -0.3340
     36.9752    142.6482     16.9345    450.0349     70.0000     20.0015     20.0000      2.8383     -7.9151      8.4086    193.0347     14.0000     70.2722      0.2534     -0.1663      0.0823     -0.1854
     37.0123    142.4347     21.7730    450.0349     90.0000     20.0015     20.0000      2.4116     -6.7627      7.1798    193.0347     14.0000     70.3735      0.4163      0.0725      0.1796      0.0504
     37.0490    142.2210     26.6114    450.0349    110.0000     20.0015     20.0000      1.7454     -5.9319      6.1834    193.0347     14.0000     73.6041      0.2589      0.0159      0.2180      0.0454
     37.0853    142.0071     31.4498    450.0349    130.0000     20.0015     20.0000      1.0051     -5.4298      5.5221    193.0347     14.0000     79.5129     -0.0035     -0.6133      0.1011     -0.5569
     37.1213    141.7930     36.2883    450.0349    150.0000     20.0015     20.0000      0.4182     -4.3777      4.3976    193.0347     14.0000     84.5435     -0.1138     -0.5760     -0.0647     -0.5624
     37.1568    141.5787     41.1267    450.0349    170.0000     20.0015     20.0000      0.0543     -2.8256      2.8261    193.0347     14.0000     88.8998     -0.1482      0.1284     -0.1634      0.0927
     37.1920    141.3642     45.9652    450.0349    190.0000     20.0015     20.0000     -0.0957     -1.6746      1.6773    193.0347     14.0000     93.2712     -0.1806      0.0455     -0.1716      0.0156
     36.6860    143.2380      2.4192    470.0364     10.0000     20.0015     20.0000      2.2181     -6.6961      7.0539    193.0347     14.0000     71.6726     -1.0400      0.0882     -0.2373      0.2213
     36.7242    143.0256      7.2577    470.0364     30.0000     20.0015     20.0000      2.2044     -6.4562      6.8222    193.0347     14.0000     71.1483     -0.6596     -0.0877     -0.1161      0.0140
     36.7620    142.8130     12.0961    470.0364     50.0000     20.0015     20.0000      2.1448     -6.0154      6.3863    193.0347     14.0000     70.3762     -0.2375     -0.0930      0.0309     -0.0258
     36.7994    142.6002     16.9345    470.0364     70.0000     20.0015     20.0000      1.9799     -5.4396      5.7887    193.0347     14.0000     70.0000      0.0381     -0.0680      0.0655     -0.0486
     36.8365    142.3872     21.7730    470.0364     90.0000     20.0015     20.0000      1.6625     -4.8063      5.0857    193.0347     14.0000     70.9196      0.1992      0.0142      0.1177      0.0169
     36.8731    142.1740     26.6114    470.0364    110.0000     20.0015     20.0000      1.0587     -4.2715      4.4007    193.0347     14.0000     76.0799      0.0235      0.0397      0.1450      0.0916
     36.9093    141.9605     31.4498    470.0364    130.0000     20.0015     20.0000      0.3634     -3.8856      3.9026    193.0347     14.0000     84.6563     -0.3079     -0.1471      0.0809     -0.0429
     36.9452    141.7469     36.2883    470.0364    150.0000     20.0015     20.0000     -0.0607     -3.3626      3.3632    193.0347     14.0000     91.0334     -0.3958     -0.2348     -0.0381     -0.1566
     36.9807    141.5331     41.1267    470.0364    170.0000     20.0015     20.0000     -0.1742     -2.6266      2.6324    193.0347     14.0000     93.7952     -0.2897     -0.1113     -0.1372     -0.0992
     37.0157    141.3190     45.9652    470.0364    190.0000     20.0015     20.0000     -0.1445     -2.0509      2.0560    193.0347     14.0000     94.0313     -0.2139     -0.7107     -0.1688     -0.7132
     36.5105    143.1888      2.4197    490.0380     10.0000     20.0015     20.0000      1.3586     -3.9784      4.2040    193.0347     14.0000     71.1460     -0.7858      0.2520     -0.2564      0.3172
     36.5486    142.9768      7.2577    490.0380     30.0000     20.0015     20.0000      1.3751     -3.9044      4.1394    193.0347     14.0000     70.5979     -0.5911      0.1441     -0.1710      0.2030
     36.5864    142.7647     12.0961    490.0380     50.0000     20.0015     20.0000      1.3665     -3.7544      3.9953    193.0347     14.0000     70.0000     -0.3186      0.0953     -0.0055      0.1613
     36.6237    142.5524     16.9345    490.0380     70.0000     20.0015     20.0000      1.2815     -3.5208      3.7468    193.0347     14.0000     70.0000     -0.1198      0.0433      0.0298      0.0806
     36.6606    142.3398     21.7730    490.0380     90.0000     20.0015     20.0000      1.1074     -3.1969      3.3833    193.0347     14.0000     70.8947      0.0555      0.0726      0.0484      0.0779
     36.6972    142.1271     26.6114    490.0380    110.0000     20.0015     20.0000      0.7320     -2.8797      2.9713    193.0347     14.0000     75.7371      0.0222      0.1249      0.0622      0.1417
     36.7334    141.9141     31.4498    490.0380    130.0000     20.0015     20.0000      0.2934     -2.6605      2.6766    193.0347     14.0000     83.7076     -0.1293      0.0987      0.0388      0.1404
     36.7691    141.7010     36.2883    490.0380    150.0000     20.0015     20.0000      0.0558     -2.5328      2.5334    193.0347     14.0000     88.7372     -0.1579     -0.0594     -0.0315     -0.0355
     36.8045    141.4876     41.1267    490.0380    170.0000     20.0015     20.0000      0.0891     -2.4131      2.4147    193.0347     14.0000     87.8846     -0.0032     -0.3240     -0.1178     -0.3624
     36.8395    141.2740     45.9652    490.0380    190.0000     20.0015     20.0000      0.2211     -2.3052      2.3158    193.0347     14.0000     84.5223      0.2161     -1.3120     -0.1612     -1.3918
     36.3350    143.1397      2.4192    510.0395     10.0000     20.0015     20.0000      0.7255     -2.1757      2.2935    193.0347     14.0000     71.5597     -0.5725      0.2966     -0.2292      0.3243
     36.3731    142.9283      7.2577    510.0395     30.0000     20.0015     20.0000      0.7536     -2.1744      2.3013    193.0347     14.0000     70.8840     -0.5126      0.2477     -0.1813      0.2825
     36.4107    142.7166     12.0961    510.0395     50.0000     20.0015     20.0000      0.7774     -2.1529      2.2890    193.0347     14.0000     70.1452     -0.3508      0.2109     -0.0435      0.2660
     36.4479    142.5047     16.9345    510.0395     70.0000     20.0015     20.0000      0.7585     -2.0839      2.2176    193.0347     14.0000     70.0000     -0.2074      0.1615     -0.0066      0.2007
     36.4848    142.2927     21.7730    510.0395     90.0000     20.0015     20.0000      0.6974     -1.9526      2.0734    193.0347     14.0000     70.3457     -0.0543      0.1689      0.0143      0.1824
     36.5213    142.0804     26.6114    510.0395    110.0000     20.0015     20.0000      0.5525     -1.8308      1.9123    193.0347     14.0000     73.2082      0.0271      0.1933      0.0370      0.1974
     36.5574    141.8679     31.4498    510.0395    130.0000     20.0015     20.0000      0.4000     -1.8166      1.8601    193.0347     14.0000     77.5834      0.0700      0.1503      0.0419      0.1478
     36.5931    141.6552     36.2883    510.0395    150.0000     20.0015     20.0000      0.3737     -1.9569      1.9923    193.0347     14.0000     79.1873      0.1728     -0.0602      0.0003     -0.0968
     36.6284    141.4423     41.1267    510.0395    170.0000     20.0015     20.0000      0.5070     -2.1715      2.2299    193.0347     14.0000     76.8587      0.3831     -0.4722     -0.0791     -0.5769
     36.6633    141.2293     45.9652    510.0395    190.0000     20.0015     20.0000      0.6663     -2.3170      2.4109    193.0347     14.0000     73.9573      0.7177     -1.5994     -0.1339     -1.7722
     36.1595    143.0910      2.4197    530.0410     10.0000     20.0015     20.0000      0.2951     -1.0747      1.1145    193.0347     14.0000     74.6477     -0.3998      0.2669     -0.1755      0.2785
     36.1974    142.8800      7.2577    530.0410     30.0000     20.0015     20.0000      0.3252     -1.0903      1.1378    193.0347     14.0000     73.3923     -0.4242      0.2668     -0.1615      0.2894
     36.2350    142.6688     12.0961    530.0410     50.0000     20.0015     20.0000      0.3666     -1.1051      1.1643    193.0347     14.0000     71.6491     -0.3433      0.2598     -0.0693      0.3016
     36.2722    142.4573     16.9345    530.0410     70.0000     20.0015     20.0000      0.3943     -1.1023      1.1707    193.0347     14.0000     70.3201     -0.2398      0.2359     -0.0315      0.2705
     36.3089    142.2457     21.7730    530.0410     90.0000     20.0015     20.0000      0.3965     -1.0893      1.1592    193.0347     14.0000     70.0000     -0.1350      0.2226      0.0055      0.2492
     36.3453    142.0339     26.6114    530.0410    110.0000     20.0015     20.0000      0.3968     -1.1103      1.1791    193.0347     14.0000     70.3359     -0.0080      0.2083      0.0476      0.2239
     36.3813    141.8219     31.4498    530.0410    130.0000     20.0015     20.0000      0.4232     -1.2382      1.3085    193.0347     14.0000     71.1284      0.1286      0.1269      0.0721      0.1242
     36.4170    141.6097     36.2883    530.0410    150.0000     20.0015     20.0000      0.5195     -1.4972      1.5848    193.0347     14.0000     70.8643      0.2954     -0.0866      0.0463     -0.1314
     36.4522    141.3973     41.1267    530.0410    170.0000     20.0015     20.0000      0.6605     -1.8147      1.9312    193.0347     14.0000     70.0000      0.4762     -0.4852     -0.0283     -0.5899
     36.4870    141.1847     45.9652    530.0410    190.0000     20.0015     20.0000      0.7434     -2.0426      2.1737    193.0347     14.0000     70.0000      0.7316     -1.5417     -0.0910     -1.7018
     35.9840    143.0424      2.4197    550.0426     10.0000     20.0015     20.0000      0.0476     -0.4787      0.4811    193.0347     14.0000     84.3256     -0.2614      0.2021     -0.1131      0.2097
     36.0218    142.8318      7.2577    550.0426     30.0000     20.0015     20.0000      0.0719     -0.4885      0.4937    193.0347     14.0000     81.6288     -0.3272      0.2333     -0.1243      0.2502
     36.0593    142.6211     12.0961    550.0426     50.0000     20.0015     20.0000      0.1132     -0.5014      0.5140    193.0347     14.0000     77.2725     -0.3048      0.2470     -0.0777      0.2773
     36.0964    142.4101     16.9345    550.0426     70.0000     20.0015     20.0000      0.1594     -0.5167      0.5408    193.0347     14.0000     72.8555     -0.2405      0.2409     -0.0449      0.2701
     36.1331    142.1990     21.7730    550.0426     90.0000     20.0015     20.0000      0.1988     -0.5519      0.5866    193.0347     14.0000     70.1915     -0.1584      0.2236     -0.0011      0.2527
     36.1694    141.9876     26.6114    550.0426    110.0000     20.0015     20.0000      0.2331     -0.6405      0.6816    193.0347     14.0000     70.0000     -0.0797      0.1787      0.0500      0.2120
     36.2053    141.7761     31.4498    550.0426    130.0000     20.0015     20.0000      0.2936     -0.8067      0.8585    193.0347     14.0000     70.0000      0.0201      0.0914      0.0839      0.1183
     36.2408    141.5643     36.2883    550.0426    150.0000     20.0015     20.0000      0.3815     -1.0482      1.1154    193.0347     14.0000     70.0000      0.1241     -0.0720      0.0707     -0.0694
     36.2760    141.3524     41.1267    550.0426    170.0000     20.0015     20.0000      0.4745     -1.3038      1.3874    193.0347     14.0000     70.0000      0.2330     -0.3504      0.0095     -0.3894
     36.3108    141.1403     45.9652    550.0426    190.0000     20.0015     20.0000      0.5351     -1.4701      1.5644    193.0347     14.0000     70.0000      0.4701     -1.1019     -0.0487     -1.1981
     35.8084    142.9940      2.4192    570.0441     10.0000     20.0015     20.0000     -0.0477     -0.2129      0.2182    193.0347     14.0000    102.6290     -0.1513      0.1296     -0.0571      0.1370
     35.8462    142.7839      7.2577    570.0441     30.0000     20.0015     20.0000     -0.0347     -0.2120      0.2149    193.0347     14.0000     99.2861     -0.2236      0.1715     -0.0820      0.1839
     35.8836    142.5736     12.0961    570.0441     50.0000     20.0015     20.0000     -0.0090     -0.2121      0.2123    193.0347     14.0000     92.4196     -0.2402      0.1916     -0.0721      0.2112
     35.9205    142.3632     16.9345    570.0441     70.0000     20.0015     20.0000      0.0304     -0.2221      0.2242    193.0347     14.0000     82.2128     -0.2129      0.1935     -0.0505      0.2156
     35.9572    142.1525     21.7730    570.0441     90.0000     20.0015     20.0000      0.0766     -0.2557      0.2669    193.0347     14.0000     73.3136     -0.1556      0.1802     -0.0145      0.2044
     35.9934    141.9416     26.6114    570.0441    110.0000     20.0015     20.0000      0.1191     -0.3272      0.3482    193.0347     14.0000     70.0000     -0.0948      0.1491      0.0292      0.1780
     36.0293    141.7305     31.4498    570.0441    130.0000     20.0015     20.0000      0.1592     -0.4375      0.4656    193.0347     14.0000     70.0000     -0.0425      0.1023      0.0619      0.1339
     36.0647    141.5192     36.2883    570.0441    150.0000     20.0015     20.0000      0.2066     -0.5676      0.6041    193.0347     14.0000     70.0000      0.0105      0.0402      0.0606      0.0611
     36.0998    141.3077     41.1267    570.0441    170.0000     20.0015     20.0000      0.2502     -0.6874      0.7315    193.0347     14.0000     70.0000      0.0681     -0.0732      0.0220     -0.0777
     36.1345    141.0960     45.9652    570.0441    190.0000     20.0015     20.0000      0.2767     -0.7602      0.8090    193.0347     14.0000     70.0000      0.2175     -0.4663     -0.0198     -0.5107
     35.6328    142.9459      2.4197    590.0457     10.0000     20.0015     20.0000     -0.0460     -0.1264      0.1345    193.0347     14.0000    110.0000     -0.0668      0.0678     -0.0200      0.0729
     35.6705    142.7362      7.2577    590.0457     30.0000     20.0015     20.0000     -0.0420     -0.1153      0.1227    193.0347     14.0000    110.0000     -0.1205      0.1030     -0.0446      0.1093
     35.7078    142.5264     12.0961    590.0457     50.0000     20.0015     20.0000     -0.0374     -0.1029      0.1095    193.0347     14.0000    110.0000     -0.1586      0.1228     -0.0576      0.1318
     35.7447    142.3164     16.9345    590.0457     70.0000     20.0015     20.0000     -0.0193     -0.0999      0.1018    193.0347     14.0000    100.9312     -0.1633      0.1278     -0.0498      0.1409
     35.7813    142.1061     21.7730    590.0457     90.0000     20.0015     20.0000      0.0122     -0.1104      0.1111    193.0347     14.0000     83.6940     -0.1352      0.1234     -0.0287      0.1388
     35.8174    141.8957     26.6114    590.0457    110.0000     20.0015     20.0000      0.0436     -0.1325      0.1394    193.0347     14.0000     71.7752     -0.0946      0.1197     -0.0003      0.1375
     35.8532    141.6851     31.4498    590.0457    130.0000     20.0015     20.0000      0.0584     -0.1603      0.1706    193.0347     14.0000     70.0000     -0.0721      0.1247      0.0247      0.1475
     35.8886    141.4742     36.2883    590.0457    150.0000     20.0015     20.0000      0.0665     -0.1828      0.1945    193.0347     14.0000     70.0000     -0.0579      0.1433      0.0315      0.1652
     35.9236    141.2632     41.1267    590.0457    170.0000     20.0015     20.0000      0.0725     -0.1992      0.2120    193.0347     14.0000     70.0000     -0.0410      0.1398      0.0152      0.1515
     35.9582    141.0520     45.9652    590.0457    190.0000     20.0015     20.0000      0.0759     -0.2086      0.2219    193.0347     14.0000     70.0000      0.0252      0.0164     -0.0068      0.0077
     35.4572    142.8979      2.4192    610.0472     10.0000     20.0015     20.0000     -0.0353     -0.0971      0.1034    193.0347     14.0000    110.0000     -0.0503      0.0245      0.0021      0.0359
     35.4948    142.6888      7.2577    610.0472     30.0000     20.0015     20.0000     -0.0284     -0.0780      0.0830    193.0347     14.0000    110.0000     -0.0671      0.0496     -0.0196      0.0554
     35.5320    142.4794     12.0961    610.0472     50.0000     20.0015     20.0000     -0.0237     -0.0650      0.0692    193.0347     14.0000    110.0000     -0.0863      0.0585     -0.0403      0.0600
     35.5689    142.2698     16.9345    610.0472     70.0000     20.0015     20.0000     -0.0200     -0.0548      0.0583    193.0347     14.0000    110.0000     -0.1037      0.0651     -0.0432      0.0692
     35.6053    142.0600     21.7730    610.0472     90.0000     20.0015     20.0000     -0.0082     -0.0468      0.0475    193.0347     14.0000     99.9425     -0.1002      0.0705     -0.0349      0.0770
     35.6414    141.8500     26.6114    610.0472    110.0000     20.0015     20.0000      0.0035     -0.0345      0.0346    193.0347     14.0000     84.1631     -0.0853      0.0864     -0.0200      0.0951
     35.6771    141.6398     31.4498    610.0472    130.0000     20.0015     20.0000      0.0057     -0.0156      0.0166    193.0347     14.0000     70.0000     -0.0734      0.1188     -0.0039      0.1306
     35.7124    141.4295     36.2883    610.0472    150.0000     20.0015     20.0000      0.0000      0.0000      0.0000    193.0347     14.0000      0.0000     -0.0695      0.1505      0.0054      0.1643
     35.7473    141.2189     41.1267    610.0472    170.0000     20.0015     20.0000      0.0000      0.0000      0.0000    193.0347     14.0000      0.0000     -0.0541      0.1491      0.0035      0.1587
     35.7819    141.0082     45.9652    610.0472    190.0000     20.0015     20.0000      0.0000      0.0000      0.0000    193.0347     14.0000      0.0000     -0.0270      0.1262     -0.0036      0.1276
