     lat_deg     lon_deg    depth_km  x_local_km  y_local_km   length_km    width_km  slp_strk_m  slp_ddip_m    slp_am_m  strike_deg     dip_deg    rake_deg sig_stk_MPa sig_ddi_MPa sig_nrm_MPa
     40.7161    144.4375      2.4197     10.0008     10.0000     20.0015     20.0000      0.0000      0.0000      0.0000    193.0347     14.0000      0.0000     -0.0031      0.0212     -0.0053
     40.7564    144.2135      7.2577     10.0008     30.0000     20.0015     20.0000      0.0000      0.0000      0.0000    193.0347     14.0000      0.0000     -0.0030      0.0208     -0.0051
     40.7964    143.9892     12.0961     10.0008     50.0000     20.0015     20.0000      0.0000      0.0000      0.0000    193.0347     14.0000      0.0000     -0.0042      0.0198     -0.0044
     40.8359    143.7647     16.9345     10.0008     70.0000     20.0015     20.0000      0.0000      0.0000      0.0000    193.0347     14.0000      0.0000     -0.0068      0.0187     -0.0033
     40.8751    143.5399     21.7730     10.0008     90.0000     20.0015     20.0000      0.0000      0.0000      0.0000    193.0347     14.0000      0.0000     -0.0105      0.0179     -0.0020
     40.9138    143.3149     26.6114     10.0008    110.0000     20.0015     20.0000      0.0000      0.0000      0.0000    193.0347     14.0000      0.0000     -0.0147      0.0177     -0.0007
     40.9521    143.0896     31.4498     10.0008    130.0000     20.0015     20.0000      0.0000      0.0000      0.0000    193.0347     14.0000      0.0000     -0.0188      0.0181      0.0006
     40.9899    142.8641     36.2883     10.0008    150.0000     20.0015     20.0000      0.0000      0.0000      0.0000    193.0347     14.0000      0.0000     -0.0223      0.0189      0.0018
     41.0274    142.6383     41.1267     10.0008    170.0000     20.0015     20.0000      0.0000      0.0000      0.0000    193.0347     14.0000      0.0000     -0.0251      0.0199      0.0027
     41.0644    142.4122     45.9652     10.0008    190.0000     20.0015     20.0000      0.0000      0.0000      0.0000    193.0347     14.0000      0.0000     -0.0269      0.0210      0.0035
     40.5411    144.3824      2.4197     30.0023     10.0000     20.0015     20.0000      0.0000      0.0000      0.0000    193.0347     14.0000      0.0000     -0.0036      0.0265     -0.0067
     40.5814    144.1590      7.2577     30.0023     30.0000     20.0015     20.0000      0.0000      0.0000      0.0000    193.0347     14.0000      0.0000     -0.0034      0.0260     -0.0064
     40.6212    143.9353     12.0961     30.0023     50.0000     20.0015     20.0000      0.0000      0.0000      0.0000    193.0347     14.0000      0.0000     -0.0054      0.0247     -0.0054
     40.6607    143.7113     16.9345     30.0023     70.0000     20.0015     20.0000      0.0000      0.0000      0.0000    193.0347     14.0000      0.0000     -0.0096      0.0234     -0.0038
     40.6997    143.4871     21.7730     30.0023     90.0000     20.0015     20.0000      0.0000      0.0000      0.0000    193.0347     14.0000      0.0000     -0.0152      0.0227     -0.0020
     40.7383    143.2626     26.6114     30.0023    110.0000     20.0015     20.0000      0.0000      0.0000      0.0000    193.0347     14.0000      0.0000     -0.0211      0.0229     -0.0001
     40.7765    143.0378     31.4498     30.0023    130.0000     20.0015     20.0000      0.0000      0.0000      0.0000    193.0347     14.0000      0.0000     -0.0266      0.0238      0.0017
     40.8143    142.8129     36.2883     30.0023    150.0000     20.0015     20.0000      0.0000      0.0000      0.0000    193.0347     14.0000      0.0000     -0.0310      0.0252      0.0032
     40.8516    142.5876     41.1267     30.0023    170.0000     20.0015     20.0000      0.0000      0.0000      0.0000    193.0347     14.0000      0.0000     -0.0341      0.0268      0.0043
     40.8886    142.3621     45.9652     30.0023    190.0000     20.0015     20.0000      0.0000      0.0000      0.0000    193.0347     14.0000      0.0000     -0.0357      0.0282      0.0051
     40.3661    144.3276      2.4197     50.0039     10.0000     20.0015     20.0000      0.0000      0.0000      0.0000    193.0347     14.0000      0.0000     -0.0040      0.0339     -0.0086
     40.4063    144.1047      7.2577     50.0039     30.0000     20.0015     20.0000      0.0000      0.0000      0.0000    193.0347     14.0000      0.0000     -0.0038      0.0333     -0.0082
     40.4461    143.8816     12.0961     50.0039     50.0000     20.0015     20.0000      0.0000      0.0000      0.0000    193.0347     14.0000      0.0000     -0.0074      0.0316     -0.0067
     40.4854    143.6581     16.9345     50.0039     70.0000     20.0015     20.0000      0.0000      0.0000      0.0000    193.0347     14.0000      0.0000     -0.0142      0.0301     -0.0043
     40.5243    143.4345     21.7730     50.0039     90.0000     20.0015     20.0000      0.0000      0.0000      0.0000    193.0347     14.0000      0.0000     -0.0229      0.0299     -0.0016
     40.5628    143.2105     26.6114     50.0039    110.0000     20.0015     20.0000      0.0000      0.0000      0.0000    193.0347     14.0000      0.0000     -0.0314      0.0309      0.0011
     40.6009    142.9863     31.4498     50.0039    130.0000     20.0015     20.0000      0.0000      0.0000      0.0000    193.0347     14.0000      0.0000     -0.0387      0.0329      0.0035
     40.6386    142.7619     36.2883     50.0039    150.0000     20.0015     20.0000      0.0000      0.0000      0.0000    193.0347     14.0000      0.0000     -0.0439      0.0353      0.0054
     40.6759    142.5372     41.1267     50.0039    170.0000     20.0015     20.0000      0.0000      0.0000      0.0000    193.0347     14.0000      0.0000     -0.0469      0.0374      0.0067
     40.7127    142.3123     45.9652     50.0039    190.0000     20.0015     20.0000      0.0000      0.0000      0.0000    193.0347     14.0000      0.0000     -0.0478      0.0391      0.0076
     40.1911    144.2731      2.4197     70.0054     10.0000     20.0015     20.0000      0.0000      0.0000      0.0000    193.0347     14.0000      0.0000     -0.0041      0.0448     -0.0114
     40.2312    144.0508      7.2577     70.0054     30.0000     20.0015     20.0000      0.0000      0.0000      0.0000    193.0347     14.0000      0.0000     -0.0041      0.0440     -0.0109
     40.2708    143.8281     12.0961     70.0054     50.0000     20.0015     20.0000      0.0000      0.0000      0.0000    193.0347     14.0000      0.0000     -0.0108      0.0418     -0.0084
     40.3101    143.6053     16.9345     70.0054     70.0000     20.0015     20.0000      0.0000      0.0000      0.0000    193.0347     14.0000      0.0000     -0.0227      0.0407     -0.0047
     40.3489    143.3821     21.7730     70.0054     90.0000     20.0015     20.0000      0.0000      0.0000      0.0000    193.0347     14.0000      0.0000     -0.0363      0.0419     -0.0005
     40.3873    143.1587     26.6114     70.0054    110.0000     20.0015     20.0000      0.0000      0.0000      0.0000    193.0347     14.0000      0.0000     -0.0485      0.0448      0.0034
     40.4253    142.9351     31.4498     70.0054    130.0000     20.0015     20.0000      0.0000      0.0000      0.0000    193.0347     14.0000      0.0000     -0.0575      0.0484      0.0066
     40.4629    142.7112     36.2883     70.0054    150.0000     20.0015     20.0000      0.0000      0.0000      0.0000    193.0347     14.0000      0.0000     -0.0630      0.0517      0.0090
     40.5001    142.4871     41.1267     70.0054    170.0000     20.0015     20.0000      0.0000      0.0000      0.0000    193.0347     14.0000      0.0000     -0.0650      0.0542      0.0105
     40.5368    142.2627     45.9652     70.0054    190.0000     20.0015     20.0000      0.0000      0.0000      0.0000    193.0347     14.0000      0.0000     -0.0643      0.0556      0.0112
     40.0161    144.2189      2.4197     90.0070     10.0000     20.0015     20.0000      0.0000      0.0000      0.0000    193.0347     14.0000      0.0000     -0.0032      0.0619     -0.0159
     40.0561    143.9971      7.2577     90.0070     30.0000     20.0015     20.0000      0.0000      0.0000      0.0000    193.0347     14.0000      0.0000     -0.0037      0.0610     -0.0152
     40.0956    143.7750     12.0961     90.0070     50.0000     20.0015     20.0000      0.0000      0.0000      0.0000    193.0347     14.0000      0.0000     -0.0178      0.0585     -0.0107
     40.1348    143.5526     16.9345     90.0070     70.0000     20.0015     20.0000      0.0000      0.0000      0.0000    193.0347     14.0000      0.0000     -0.0398      0.0597     -0.0043
     40.1735    143.3300     21.7730     90.0070     90.0000     20.0015     20.0000      0.0000      0.0000      0.0000    193.0347     14.0000      0.0000     -0.0613      0.0645      0.0024
     40.2118    143.1072     26.6114     90.0070    110.0000     20.0015     20.0000      0.0000      0.0000      0.0000    193.0347     14.0000      0.0000     -0.0776      0.0707      0.0080
     40.2497    142.8841     31.4498     90.0070    130.0000     20.0015     20.0000      0.0000      0.0000      0.0000    193.0347     14.0000      0.0000     -0.0875      0.0761      0.0123
     40.2872    142.6608     36.2883     90.0070    150.0000     20.0015     20.0000      0.0000      0.0000      0.0000    193.0347     14.0000      0.0000     -0.0914      0.0799      0.0150
     40.3243    142.4372     41.1267     90.0070    170.0000     20.0015     20.0000      0.0000      0.0000      0.0000    193.0347     14.0000      0.0000     -0.0906      0.0816      0.0163
     40.3609    142.2134     45.9652     90.0070    190.0000     20.0015     20.0000      0.0000      0.0000      0.0000    193.0347     14.0000      0.0000     -0.0863      0.0812      0.0166
     39.8410    144.1650      2.4197    110.0085     10.0000     20.0015     20.0000      0.0000      0.0000      0.0000    193.0347     14.0000      0.0000      0.0015      0.0916     -0.0241
     39.8809    143.9437      7.2577    110.0085     30.0000     20.0015     20.0000      0.0000      0.0000      0.0000    193.0347     14.0000      0.0000     -0.0022      0.0913     -0.0230
     39.9204    143.7221     12.0961    110.0085     50.0000     20.0015     20.0000      0.0000      0.0000      0.0000    193.0347     14.0000      0.0000     -0.0357      0.0920     -0.0138
     39.9594    143.5003     16.9345    110.0085     70.0000     20.0015     20.0000      0.0000      0.0000      0.0000    193.0347     14.0000      0.0000     -0.0775      0.1016     -0.0018
     39.9981    143.2782     21.7730    110.0085     90.0000     20.0015     20.0000      0.0000      0.0000      0.0000    193.0347     14.0000      0.0000     -0.1095      0.1139      0.0088
     40.0363    143.0559     26.6114    110.0085    110.0000     20.0015     20.0000      0.0000      0.0000      0.0000    193.0347     14.0000      0.0000     -0.1279      0.1235      0.0171
     40.0741    142.8334     31.4498    110.0085    130.0000     20.0015     20.0000      0.0000      0.0000      0.0000    193.0347     14.0000      0.0000     -0.1348      0.1289      0.0228
     40.1115    142.6106     36.2883    110.0085    150.0000     20.0015     20.0000      0.0000      0.0000      0.0000    193.0347     14.0000      0.0000     -0.1331      0.1301      0.0255
     40.1485    142.3875     41.1267    110.0085    170.0000     20.0015     20.0000      0.0000      0.0000      0.0000    193.0347     14.0000      0.0000     -0.1257      0.1274      0.0255
     40.1850    142.1643     45.9652    110.0085    190.0000     20.0015     20.0000      0.0000      0.0000      0.0000    193.0347     14.0000      0.0000     -0.1150      0.1214      0.0243
     39.6659    144.1113      2.4197    130.0101     10.0000     20.0015     20.0000      0.0000      0.0000      0.0000    193.0347     14.0000      0.0000      0.0216      0.1563     -0.0435
     39.7057    143.8905      7.2577    130.0101     30.0000     20.0015     20.0000      0.0000      0.0000      0.0000    193.0347     14.0000      0.0000     -0.0028      0.1672     -0.0420
     39.7451    143.6695     12.0961    130.0101     50.0000     20.0015     20.0000      0.0000      0.0000      0.0000    193.0347     14.0000      0.0000     -0.0923      0.1936     -0.0218
     39.7840    143.4482     16.9345    130.0101     70.0000     20.0015     20.0000      0.0000      0.0000      0.0000    193.0347     14.0000      0.0000     -0.1663      0.2233     -0.0017
     39.8226    143.2267     21.7730    130.0101     90.0000     20.0015     20.0000      0.0000      0.0000      0.0000    193.0347     14.0000      0.0000     -0.2034      0.2380      0.0169
     39.8607    143.0049     26.6114    130.0101    110.0000     20.0015     20.0000      0.0000      0.0000      0.0000    193.0347     14.0000      0.0000     -0.2132      0.2392      0.0329
     39.8984    142.7829     31.4498    130.0101    130.0000     20.0015     20.0000      0.0000      0.0000      0.0000    193.0347     14.0000      0.0000     -0.2064      0.2338      0.0426
     39.9357    142.5606     36.2883    130.0101    150.0000     20.0015     20.0000      0.0000      0.0000      0.0000    193.0347     14.0000      0.0000     -0.1904      0.2228      0.0438
     39.9726    142.3381     41.1267    130.0101    170.0000     20.0015     20.0000      0.0000      0.0000      0.0000    193.0347     14.0000      0.0000     -0.1711      0.2057      0.0397
     40.0091    142.1154     45.9652    130.0101    190.0000     20.0015     20.0000      0.0000      0.0000      0.0000    193.0347     14.0000      0.0000     -0.1504      0.1852      0.0347
     39.4908    144.0579      2.4197    150.0116     10.0000     20.0015     20.0000      0.0000      0.0000      0.0000    193.0347     14.0000      0.0000      0.1227      0.4739     -0.1563
     39.5305    143.8376      7.2577    150.0116     30.0000     20.0015     20.0000      0.0000      0.0000      0.0000    193.0347     14.0000      0.0000     -0.1444      0.7631     -0.1844
     39.5698    143.6171     12.0961    150.0116     50.0000     20.0015     20.0000      0.0000      0.0000      0.0000    193.0347     14.0000      0.0000     -0.3873      0.8265     -0.1431
     39.6086    143.3964     16.9345    150.0116     70.0000     20.0015     20.0000      0.0000      0.0000      0.0000    193.0347     14.0000      0.0000     -0.4551      0.7557     -0.0765
     39.6471    143.1754     21.7730    150.0116     90.0000     20.0015     20.0000      0.0000      0.0000      0.0000    193.0347     14.0000      0.0000     -0.4050      0.6237     -0.0035
     39.6851    142.9541     26.6114    150.0116    110.0000     20.0015     20.0000      0.0000      0.0000      0.0000    193.0347     14.0000      0.0000     -0.3512      0.5163      0.0519
     39.7228    142.7327     31.4498    150.0116    130.0000     20.0015     20.0000      0.0000      0.0000      0.0000    193.0347     14.0000      0.0000     -0.2986      0.4572      0.0768
     39.7600    142.5109     36.2883    150.0116    150.0000     20.0015     20.0000      0.0000      0.0000      0.0000    193.0347     14.0000      0.0000     -0.2451      0.4169      0.0740
     39.7968    142.2890     41.1267    150.0116    170.0000     20.0015     20.0000      0.0000      0.0000      0.0000    193.0347     14.0000      0.0000     -0.2162      0.3562      0.0595
     39.8332    142.0668     45.9652    150.0116    190.0000     20.0015     20.0000      0.0000      0.0000      0.0000    193.0347     14.0000      0.0000     -0.1908      0.2902      0.0472
     39.3157    144.0048      2.4197    170.0132     10.0000     20.0015     20.0000      0.4742     -1.9576      2.0142    193.0347     14.0000     76.3840      0.8741      0.4904     -0.1128
     39.3553    143.7850      7.2577    170.0132     30.0000     20.0015     20.0000      0.5145     -1.8282      1.8993    193.0347     14.0000     74.2812      0.1714      0.9539     -0.2141
     39.3945    143.5650     12.0961    170.0132     50.0000     20.0015     20.0000      0.5006     -1.3755      1.4637    193.0347     14.0000     70.0000     -0.3881      1.3029     -0.3703
     39.4332    143.3448     16.9345    170.0132     70.0000     20.0015     20.0000      0.2764     -0.7595      0.8083    193.0347     14.0000     70.0000     -0.7006      1.5757     -0.2883
     39.4716    143.1243     21.7730    170.0132     90.0000     20.0015     20.0000      0.0293     -0.1921      0.1943    193.0347     14.0000     81.3422     -0.7496      1.6845     -0.1025
     39.5095    142.9036     26.6114    170.0132    110.0000     20.0015     20.0000      0.0000      0.0000      0.0000    193.0347     14.0000      0.0000     -0.4914      1.3435      0.0523
     39.5471    142.6827     31.4498    170.0132    130.0000     20.0015     20.0000      0.0000      0.0000      0.0000    193.0347     14.0000      0.0000     -0.3470      1.0325      0.1171
     39.5842    142.4615     36.2883    170.0132    150.0000     20.0015     20.0000     -0.0503     -0.1382      0.1471    193.0347     14.0000    110.0000     -0.3399      0.6230      0.1106
     39.6209    142.2401     41.1267    170.0132    170.0000     20.0015     20.0000     -0.0330     -0.0907      0.0965    193.0347     14.0000    110.0000     -0.2874      0.5248      0.0806
     39.6572    142.0184     45.9652    170.0132    190.0000     20.0015     20.0000      0.0000      0.0000      0.0000    193.0347     14.0000      0.0000     -0.2248      0.4839      0.0585
     39.1405    143.9519      2.4197    190.0147     10.0000     20.0015     20.0000      1.2494     -7.3778      7.4828    193.0347     14.0000     80.3884      1.8513     -0.0206      0.1255
     39.1800    143.7327      7.2577    190.0147     30.0000     20.0015     20.0000      1.4006     -7.0367      7.1748    193.0347     14.0000     78.7430      0.6699      0.1691      0.1140
     39.2191    143.5132     12.0961    190.0147     50.0000     20.0015     20.0000      1.5750     -5.8061      6.0159    193.0347     14.0000     74.8226      0.0468      0.6444     -0.3305
     39.2578    143.2935     16.9345    190.0147     70.0000     20.0015     20.0000      0.9922     -4.0448      4.1647    193.0347     14.0000     76.2172     -0.5727      1.2459     -0.4564
     39.2960    143.0735     21.7730    190.0147     90.0000     20.0015     20.0000      0.1017     -2.0816      2.0841    193.0347     14.0000     87.2030     -1.1650      1.9753     -0.2952
     39.3339    142.8534     26.6114    190.0147    110.0000     20.0015     20.0000     -0.2919     -0.8020      0.8535    193.0347     14.0000    110.0000     -1.1187      2.1213     -0.0329
     39.3713    142.6329     31.4498    190.0147    130.0000     20.0015     20.0000     -0.1958     -0.5380      0.5725    193.0347     14.0000    110.0000     -0.6388      1.4358      0.1121
     39.4084    142.4123     36.2883    190.0147    150.0000     20.0015     20.0000     -0.2423     -0.6657      0.7084    193.0347     14.0000    110.0000     -0.5906      0.6311      0.1255
     39.4450    142.1914     41.1267    190.0147    170.0000     20.0015     20.0000     -0.1473     -0.4046      0.4305    193.0347     14.0000    110.0000     -0.4147      0.6056      0.0911
     39.4812    141.9703     45.9652    190.0147    190.0000     20.0015     20.0000      0.0000      0.0000      0.0000    193.0347     14.0000      0.0000     -0.1999      0.8576      0.0637
     38.9654    143.8993      2.4197    210.0163     10.0000     20.0015     20.0000      2.2040    -16.5556     16.7017    193.0347     14.0000     82.4171      2.6110     -1.1372      0.6223
     39.0048    143.6806      7.2577    210.0163     30.0000     20.0015     20.0000      2.3688    -15.9135     16.0888    193.0347     14.0000     81.5334      0.9483     -1.6810      0.8595
     39.0437    143.4616     12.0961    210.0163     50.0000     20.0015     20.0000      2.6501    -13.5181     13.7755    193.0347     14.0000     78.9082      0.4181     -1.2197      0.1552
     39.0823    143.2424     16.9345    210.0163     70.0000     20.0015     20.0000      1.6249    -10.0141     10.1451    193.0347     14.0000     80.7835     -0.6180     -0.3209     -0.5248
     39.1205    143.0230     21.7730    210.0163     90.0000     20.0015     20.0000      0.1787     -5.7252      5.7280    193.0347     14.0000     88.2122     -1.6767      1.5875     -0.6223
     39.1582    142.8033     26.6114    210.0163    110.0000     20.0015     20.0000     -0.6346     -2.6128      2.6887    193.0347     14.0000    103.6521     -1.8973      2.6024     -0.2909
     39.1956    142.5834     31.4498    210.0163    130.0000     20.0015     20.0000     -0.5380     -1.4780      1.5729    193.0347     14.0000    110.0000     -1.1336      1.9411     -0.0153
     39.2326    142.3633     36.2883    210.0163    150.0000     20.0015     20.0000     -0.4739     -1.3020      1.3855    193.0347     14.0000    110.0000     -0.8358      0.8642      0.0751
     39.2691    142.1429     41.1267    210.0163    170.0000     20.0015     20.0000     -0.3225     -0.8860      0.9429    193.0347     14.0000    110.0000     -0.5679      0.6829      0.0718
     39.3052    141.9223     45.9652    210.0163    190.0000     20.0015     20.0000     -0.1395     -0.3833      0.4079    193.0347     14.0000    110.0000     -0.3554      0.7383      0.0548
     38.7902    143.8470      2.4197    230.0178     10.0000     20.0015     20.0000      3.5406    -28.3294     28.5498    193.0347     14.0000     82.8762      2.8665     -2.7838      1.3976
     38.8295    143.6288      7.2577    230.0178     30.0000     20.0015     20.0000      3.3521    -27.4369     27.6410    193.0347     14.0000     83.0344      0.7229     -4.6103      1.9023
     38.8683    143.4103     12.0961    230.0178     50.0000     20.0015     20.0000      2.7269    -23.2364     23.3959    193.0347     14.0000     83.3067     -0.9775     -3.8872      0.4051
     38.9068    143.1916     16.9345    230.0178     70.0000     20.0015     20.0000      1.8126    -16.9965     17.0929    193.0347     14.0000     83.9127     -1.5874     -1.8076     -0.8826
     38.9449    142.9727     21.7730    230.0178     90.0000     20.0015     20.0000      0.6258    -10.1226     10.1419    193.0347     14.0000     86.4624     -1.9559      1.2364     -1.1285
     38.9826    142.7535     26.6114    230.0178    110.0000     20.0015     20.0000     -0.4318     -5.0786      5.0970    193.0347     14.0000     94.8593     -2.2144      2.9098     -0.7322
     39.0198    142.5342     31.4498    230.0178    130.0000     20.0015     20.0000     -0.8730     -2.5902      2.7334    193.0347     14.0000    108.6257     -1.9952      2.7396     -0.3030
     39.0567    142.3145     36.2883    230.0178    150.0000     20.0015     20.0000     -0.6717     -1.8454      1.9638    193.0347     14.0000    110.0000     -1.1533      1.4918     -0.0738
     39.0932    142.0947     41.1267    230.0178    170.0000     20.0015     20.0000     -0.4739     -1.3021      1.3857    193.0347     14.0000    110.0000     -0.7042      0.9489      0.0047
     39.1292    141.8746     45.9652    230.0178    190.0000     20.0015     20.0000     -0.3109     -0.8543      0.9091    193.0347     14.0000    110.0000     -0.5282      0.5162      0.0251
     38.6149    143.7949      2.4197    250.0194     10.0000     20.0015     20.0000      5.5986    -39.9917     40.3817    193.0347     14.0000     82.0308      2.7404     -4.4519      2.1775
     38.6541    143.5772      7.2577    250.0194     30.0000     20.0015     20.0000      5.3168    -38.9942     39.3550    193.0347     14.0000     82.2357      1.0666     -7.8144      2.8625
     38.6929    143.3592     12.0961    250.0194     50.0000     20.0015     20.0000      4.1678    -32.7275     32.9918    193.0347     14.0000     82.7425     -1.0405     -6.5249     -0.0826
     38.7313    143.1410     16.9345    250.0194     70.0000     20.0015     20.0000      3.3652    -23.0868     23.3308    193.0347     14.0000     81.7067     -1.1367     -1.8251     -1.5399
     38.7693    142.9226     21.7730    250.0194     90.0000     20.0015     20.0000      2.1902    -14.5534     14.7173    193.0347     14.0000     81.4414     -1.2518      1.1234     -1.6274
     38.8069    142.7040     26.6114    250.0194    110.0000     20.0015     20.0000      0.8481     -8.1386      8.1827    193.0347     14.0000     84.0506     -1.5981      2.8205     -1.1979
     38.8441    142.4851     31.4498    250.0194    130.0000     20.0015     20.0000     -0.2056     -4.2745      4.2795    193.0347     14.0000     92.7535     -1.7961      3.1035     -0.6722
     38.8808    142.2660     36.2883    250.0194    150.0000     20.0015     20.0000     -0.6503     -2.4278      2.5134    193.0347     14.0000    104.9941     -1.5178      2.3508     -0.3019
     38.9172    142.0467     41.1267    250.0194    170.0000     20.0015     20.0000     -0.5475     -1.5043      1.6009    193.0347     14.0000    110.0000     -0.8377      1.5993     -0.1107
     38.9532    141.8272     45.9652    250.0194    190.0000     20.0015     20.0000     -0.4013     -1.1025      1.1733    193.0347     14.0000    110.0000     -0.5766      0.6222     -0.0279
     38.4397    143.7430      2.4197    270.0209     10.0000     20.0015     20.0000      7.9136    -48.5288     49.1698    193.0347     14.0000     80.7383      2.3247     -5.3873      2.4999
     38.4788    143.5258      7.2577    270.0209     30.0000     20.0015     20.0000      8.1631    -47.2291     47.9293    193.0347     14.0000     80.1938      2.2702     -9.3587      3.3662
     38.5175    143.3084     12.0961    270.0209     50.0000     20.0015     20.0000      8.3345    -39.9247     40.7853    193.0347     14.0000     78.2086      2.9396     -7.8422      0.1770
     38.5558    143.0907     16.9345    270.0209     70.0000     20.0015     20.0000      6.5313    -29.0138     29.7398    193.0347     14.0000     77.3135      1.4197     -2.7877     -1.4944
     38.5937    142.8728     21.7730    270.0209     90.0000     20.0015     20.0000      4.6687    -19.3723     19.9269    193.0347     14.0000     76.4503      0.3576      0.2897     -1.7203
     38.6312    142.6547     26.6114    270.0209    110.0000     20.0015     20.0000      3.0095    -11.9037     12.2782    193.0347     14.0000     75.8116     -0.1424      2.0339     -1.4242
     38.6683    142.4363     31.4498    270.0209    130.0000     20.0015     20.0000      1.3508     -6.7685      6.9019    193.0347     14.0000     78.7137     -0.6758      2.7108     -0.9486
     38.7050    142.2177     36.2883    270.0209    150.0000     20.0015     20.0000      0.0144     -3.5765      3.5766    193.0347     14.0000     89.7693     -1.1013      2.6643     -0.5268
     38.7412    141.9989     41.1267    270.0209    170.0000     20.0015     20.0000     -0.5490     -1.7965      1.8785    193.0347     14.0000    106.9930     -0.9916      2.2824     -0.2482
     38.7771    141.7799     45.9652    270.0209    190.0000     20.0015     20.0000     -0.4865     -1.3367      1.4225    193.0347     14.0000    110.0000     -0.6517      0.7568     -0.0985
     38.2644    143.6914      2.4192    290.0225     10.0000     20.0015     20.0000      9.4529    -52.8060     53.6454    193.0347     14.0000     79.8508      1.3778     -5.4482      2.3455
     38.3034    143.4747      7.2577    290.0225     30.0000     20.0015     20.0000      9.5202    -51.3658     52.2406    193.0347     14.0000     79.4999      1.9915     -9.4095      3.4477
     38.3420    143.2578     12.0961    290.0225     50.0000     20.0015     20.0000      9.2306    -44.4411     45.3896    193.0347     14.0000     78.2662      2.3695     -8.3826      1.1173
     38.3802    143.0406     16.9345    290.0225     70.0000     20.0015     20.0000      8.0460    -34.1681     35.1027    193.0347     14.0000     76.7493      2.0410     -4.5622     -0.7233
     38.4181    142.8232     21.7730    290.0225     90.0000     20.0015     20.0000      6.7314    -24.1544     25.0748    193.0347     14.0000     74.4278      1.9376     -1.3803     -1.2813
     38.4555    142.6056     26.6114    290.0225    110.0000     20.0015     20.0000      5.1166    -16.0089     16.8066    193.0347     14.0000     72.2755      1.6993      0.4852     -1.2539
     38.4925    142.3877     31.4498    290.0225    130.0000     20.0015     20.0000      2.9442     -9.8890     10.3179    193.0347     14.0000     73.4203      0.7560      1.4086     -0.9998
     38.5291    142.1697     36.2883    290.0225    150.0000     20.0015     20.0000      0.7754     -5.3113      5.3676    193.0347     14.0000     81.6936     -0.4828      2.1831     -0.6704
     38.5653    141.9514     41.1267    290.0225    170.0000     20.0015     20.0000     -0.5019     -2.3801      2.4325    193.0347     14.0000    101.9074     -1.0947      2.5831     -0.3734
     38.6011    141.7329     45.9652    290.0225    190.0000     20.0015     20.0000     -0.6143     -1.6878      1.7961    193.0347     14.0000    110.0000     -0.8278      0.7039     -0.1736
     38.0891    143.6401      2.4197    310.0240     10.0000     20.0015     20.0000     10.1556    -53.0286     53.9923    193.0347     14.0000     79.1584      0.2314     -5.0058      2.0065
     38.1280    143.4239      7.2577    310.0240     30.0000     20.0015     20.0000      9.9671    -51.9476     52.8952    193.0347     14.0000     79.1387      1.2319     -9.0332      3.2964
     38.1666    143.2074     12.0961    310.0240     50.0000     20.0015     20.0000      9.1190    -46.3672     47.2554    193.0347     14.0000     78.8737      1.4092     -9.2186      1.4720
     38.2047    142.9908     16.9345    310.0240     70.0000     20.0015     20.0000      8.1640    -37.0384     37.9275    193.0347     14.0000     77.5696      1.7508     -6.0379     -0.0967
     38.2424    142.7739     21.7730    310.0240     90.0000     20.0015     20.0000      7.1801    -27.4034     28.3284    193.0347     14.0000     75.3177      2.4275     -3.0687     -0.6460
     38.2797    142.5567     26.6114    310.0240    110.0000     20.0015     20.0000      5.5873    -19.1425     19.9413    193.0347     14.0000     73.7287      2.3602     -1.1923     -0.8465
     38.3166    142.3394     31.4498    310.0240    130.0000     20.0015     20.0000      3.3165    -12.6009     13.0301    193.0347     14.0000     75.2547      1.2511     -0.3453     -0.8837
     38.3531    142.1218     36.2883    310.0240    150.0000     20.0015     20.0000      1.0650     -6.9080      6.9896    193.0347     14.0000     81.2356     -0.1694      1.2765     -0.7272
     38.3893    141.9041     41.1267    310.0240    170.0000     20.0015     20.0000     -0.3524     -2.8837      2.9052    193.0347     14.0000     96.9671     -1.0055      2.6317     -0.4642
     38.4250    141.6861     45.9652    310.0240    190.0000     20.0015     20.0000     -0.6504     -1.8493      1.9603    193.0347     14.0000    109.3765     -0.9972      0.7862     -0.2368
     37.9138    143.5890      2.4197    330.0256     10.0000     20.0015     20.0000     10.3278    -49.3439     50.4131    193.0347     14.0000     78.1785     -0.7550     -4.2282      1.5625
     37.9526    143.3733      7.2577    330.0256     30.0000     20.0015     20.0000     10.2335    -48.6051     49.6707    193.0347     14.0000     78.1104      0.8489     -8.0407      2.8756
     37.9911    143.1573     12.0961    330.0256     50.0000     20.0015     20.0000      9.5683    -44.2630     45.2853    193.0347     14.0000     77.8021      2.0528     -8.9696      1.4552
     38.0291    142.9412     16.9345    330.0256     70.0000     20.0015     20.0000      8.0213    -36.0816     36.9624    193.0347     14.0000     77.4663      2.0631     -6.2491      0.1664
     38.0667    142.7248     21.7730    330.0256     90.0000     20.0015     20.0000      5.8446    -27.3500     27.9675    193.0347     14.0000     77.9376      1.2096     -3.6037     -0.3181
     38.1040    142.5081     26.6114    330.0256    110.0000     20.0015     20.0000      3.7750    -19.5502     19.9114    193.0347     14.0000     79.0712      0.4360     -1.7750     -0.6289
     38.1408    142.2913     31.4498    330.0256    130.0000     20.0015     20.0000      2.0840    -13.1737     13.3375    193.0347     14.0000     81.0105     -0.0517     -1.0038     -0.8163
     38.1772    142.0742     36.2883    330.0256    150.0000     20.0015     20.0000      0.8630     -7.2036      7.2552    193.0347     14.0000     83.1683     -0.2710      0.9843     -0.7518
     38.2132    141.8569     41.1267    330.0256    170.0000     20.0015     20.0000      0.1245     -2.8335      2.8362    193.0347     14.0000     87.4842     -0.3504      2.7233     -0.5094
     38.2489    141.6394     45.9652    330.0256    190.0000     20.0015     20.0000     -0.0458     -1.6803      1.6809    193.0347     14.0000     91.5610     -0.1585      1.0085     -0.2679
     37.7385    143.5382      2.4192    350.0271     10.0000     20.0015     20.0000      9.8137    -42.3603     43.4822    193.0347     14.0000     76.9562     -1.4826     -3.2117      1.0128
     37.7772    143.3229      7.2577    350.0271     30.0000     20.0015     20.0000      9.8020    -41.6102     42.7492    193.0347     14.0000     76.7446      0.4537     -6.3062      2.1101
     37.8155    143.1075     12.0961    350.0271     50.0000     20.0015     20.0000      9.2074    -37.6671     38.7761    193.0347     14.0000     76.2639      2.1349     -6.5790      1.2085
     37.8535    142.8918     16.9345    350.0271     70.0000     20.0015     20.0000      7.3257    -30.9726     31.8271    193.0347     14.0000     76.6928      1.9489     -4.5929      0.1275
     37.8910    142.6759     21.7730    350.0271     90.0000     20.0015     20.0000      4.6612    -23.6442     24.0993    193.0347     14.0000     78.8478      0.5376     -2.4563     -0.4172
     37.9282    142.4597     26.6114    350.0271    110.0000     20.0015     20.0000      2.4853    -16.9395     17.1208    193.0347     14.0000     81.6532     -0.5485     -0.8919     -0.7255
     37.9649    142.2434     31.4498    350.0271    130.0000     20.0015     20.0000      1.3303    -11.1878     11.2666    193.0347     14.0000     83.2192     -0.6265      0.1210     -0.8626
     38.0013    142.0268     36.2883    350.0271    150.0000     20.0015     20.0000      0.8741     -6.0051      6.0684    193.0347     14.0000     81.7178     -0.1051      1.6547     -0.7636
     38.0372    141.8100     41.1267    350.0271    170.0000     20.0015     20.0000      0.5862     -2.2356      2.3112    193.0347     14.0000     75.3084      0.2457      2.9243     -0.5105
     38.0728    141.5931     45.9652    350.0271    190.0000     20.0015     20.0000      0.4579     -1.2582      1.3389    193.0347     14.0000     70.0000      0.4793      1.2936     -0.2666
     37.5631    143.4875      2.4197    370.0287     10.0000     20.0015     20.0000      8.4526    -33.6593     34.7044    193.0347     14.0000     75.9033     -1.9206     -2.1181      0.4516
     37.6018    143.2728      7.2577    370.0287     30.0000     20.0015     20.0000      8.3893    -32.8867     33.9399    193.0347     14.0000     75.6892     -0.1342     -4.4076      1.3110
     37.6400    143.0578     12.0961    370.0287     50.0000     20.0015     20.0000      7.7460    -29.4010     30.4043    193.0347     14.0000     75.2402      1.3161     -4.1155      0.7995
     37.6779    142.8426     16.9345    370.0287     70.0000     20.0015     20.0000      6.2593    -24.1353     24.9338    193.0347     14.0000     75.4611      1.4547     -2.5679     -0.0379
     37.7153    142.6272     21.7730    370.0287     90.0000     20.0015     20.0000      4.3904    -18.4598     18.9747    193.0347     14.0000     76.6215      0.8954     -0.9417     -0.5263
     37.7524    142.4116     26.6114    370.0287    110.0000     20.0015     20.0000      2.9026    -13.2994     13.6125    193.0347     14.0000     77.6881      0.4697      0.2341     -0.7644
     37.7890    142.1957     31.4498    370.0287    130.0000     20.0015     20.0000      1.9838     -8.7851      9.0063    193.0347     14.0000     77.2753      0.4004      1.0848     -0.8391
     37.8253    141.9796     36.2883    370.0287    150.0000     20.0015     20.0000      1.3253     -4.7496      4.9310    193.0347     14.0000     74.4089      0.4099      2.0682     -0.7232
     37.8612    141.7634     41.1267    370.0287    170.0000     20.0015     20.0000      0.6362     -1.7480      1.8602    193.0347     14.0000     70.0000      0.0903      2.8427     -0.4816
     37.8966    141.5469     45.9652    370.0287    190.0000     20.0015     20.0000      0.3499     -0.9612      1.0229    193.0347     14.0000     70.0000      0.1318      1.3479     -0.2519
     37.3877    143.4372      2.4192    390.0302     10.0000     20.0015     20.0000      6.5629    -25.0784     25.9229    193.0347     14.0000     75.3348     -2.0324     -1.1594      0.0337
     37.4263    143.2229      7.2577    390.0302     30.0000     20.0015     20.0000      6.4632    -24.4219     25.2627    193.0347     14.0000     75.1766     -0.6547     -2.7458      0.6683
     37.4644    143.0084     12.0961    390.0302     50.0000     20.0015     20.0000      5.9479    -21.6613     22.4630    193.0347     14.0000     74.6457      0.4628     -2.2469      0.3927
     37.5022    142.7937     16.9345    390.0302     70.0000     20.0015     20.0000      5.1275    -17.7505     18.4763    193.0347     14.0000     73.8879      0.9288     -0.9653     -0.1009
     37.5396    142.5788     21.7730    390.0302     90.0000     20.0015     20.0000      4.3067    -13.8115     14.4673    193.0347     14.0000     72.6814      1.2335      0.1767     -0.3258
     37.5766    142.3636     26.6114    390.0302    110.0000     20.0015     20.0000      3.6323    -10.6165     11.2207    193.0347     14.0000     71.1124      1.5274      0.5307     -0.4696
     37.6131    142.1482     31.4498    390.0302    130.0000     20.0015     20.0000      2.8638     -7.8682      8.3732    193.0347     14.0000     70.0000      1.3829      0.4562     -0.6099
     37.6493    141.9327     36.2883    390.0302    150.0000     20.0015     20.0000      1.7365     -4.7709      5.0771    193.0347     14.0000     70.0000      0.6318      1.1281     -0.6028
     37.6851    141.7169     41.1267    390.0302    170.0000     20.0015     20.0000      0.6572     -1.8058      1.9216    193.0347     14.0000     70.0000     -0.0756      2.3900     -0.4333
     37.7205    141.5009     45.9652    390.0302    190.0000     20.0015     20.0000      0.3243     -0.8910      0.9482    193.0347     14.0000     70.0000      0.0622      1.2715     -0.2362
     37.2123    143.3870      2.4197    410.0318     10.0000     20.0015     20.0000      4.6992    -17.8746     18.4820    193.0347     14.0000     75.2703     -1.8465     -0.4705     -0.1890
     37.2508    143.1732      7.2577    410.0318     30.0000     20.0015     20.0000      4.6297    -17.4352     18.0394    193.0347     14.0000     75.1291     -0.9239     -1.4756      0.2437
     37.2889    142.9592     12.0961    410.0318     50.0000     20.0015     20.0000      4.3680    -15.5955     16.1956    193.0347     14.0000     74.3535     -0.0950     -1.0862      0.1462
     37.3265    142.7450     16.9345    410.0318     70.0000     20.0015     20.0000      4.0738    -13.0209     13.6433    193.0347     14.0000     72.6271      0.4628     -0.1718     -0.0285
     37.3638    142.5305     21.7730    410.0318     90.0000     20.0015     20.0000      3.8415    -10.6494     11.3211    193.0347     14.0000     70.1644      1.0121      0.5353      0.0352
     37.4007    142.3159     26.6114    410.0318    110.0000     20.0015     20.0000      3.4234     -9.4057     10.0093    193.0347     14.0000     70.0000      1.1734     -0.1745     -0.0049
     37.4372    142.1010     31.4498    410.0318    130.0000     20.0015     20.0000      3.0794     -8.4605      9.0035    193.0347     14.0000     70.0000      1.5763     -1.5369     -0.2521
     37.4733    141.8859     36.2883    410.0318    150.0000     20.0015     20.0000      2.1022     -5.7757      6.1464    193.0347     14.0000     70.0000      1.1989     -0.6388     -0.4152
     37.5090    141.6706     41.1267    410.0318    170.0000     20.0015     20.0000      0.8097     -2.2246      2.3674    193.0347     14.0000     70.0000      0.2075      1.7934     -0.3629
     37.5443    141.4551     45.9652    410.0318    190.0000     20.0015     20.0000      0.3650     -1.0028      1.0672    193.0347     14.0000     70.0000      0.1599      1.0563     -0.2203
     37.0369    143.3371      2.4197    430.0333     10.0000     20.0015     20.0000      3.2567    -12.4825     12.9004    193.0347     14.0000     75.3774     -1.4864     -0.0475     -0.2599
     37.0753    143.1238      7.2577    430.0333     30.0000     20.0015     20.0000      3.2574    -12.2894     12.7138    193.0347     14.0000     75.1545     -0.9363     -0.6221      0.0224
     37.1133    142.9103     12.0961    430.0333     50.0000     20.0015     20.0000      3.2706    -11.4232     11.8822    193.0347     14.0000     74.0229     -0.2976     -0.5791      0.0859
     37.1509    142.6965     16.9345    430.0333     70.0000     20.0015     20.0000      3.2807    -10.1188     10.6373    193.0347     14.0000     72.0363      0.2029     -0.2643      0.0802
     37.1881    142.4825     21.7730    430.0333     90.0000     20.0015     20.0000      3.2175     -8.8401      9.4075    193.0347     14.0000     70.0000      0.6665      0.1167      0.2740
     37.2249    142.2684     26.6114    430.0333    110.0000     20.0015     20.0000      3.0495     -8.3783      8.9160    193.0347     14.0000     70.0000      1.2317     -0.4530      0.3301
     37.2613    142.0540     31.4498    430.0333    130.0000     20.0015     20.0000      2.7457     -8.5805      9.0091    193.0347     14.0000     72.2555      1.8295     -2.6944      0.0559
     37.2973    141.8394     36.2883    430.0333    150.0000     20.0015     20.0000      1.6151     -6.3507      6.5528    193.0347     14.0000     75.7314      1.1028     -1.9315     -0.2245
     37.3329    141.6246     41.1267    430.0333    170.0000     20.0015     20.0000      0.6002     -2.4549      2.5272    193.0347     14.0000     76.2602      0.3559      1.3389     -0.2803
     37.3681    141.4096     45.9652    430.0333    190.0000     20.0015     20.0000      0.3636     -0.9989      1.0630    193.0347     14.0000     70.0000      0.4353      0.9946     -0.2002
     36.8615    143.2874      2.4197    450.0349     10.0000     20.0015     20.0000      2.3202     -8.7143      9.0179    193.0347     14.0000     75.0910     -1.1005      0.1691     -0.2545
     36.8998    143.0746      7.2577    450.0349     30.0000     20.0015     20.0000      2.3895     -8.7174      9.0390    193.0347     14.0000     74.6715     -0.8023     -0.1287     -0.0687
     36.9377    142.8615     12.0961    450.0349     50.0000     20.0015     20.0000      2.6348     -8.6208      9.0144    193.0347     14.0000     73.0052     -0.2232     -0.4369      0.1437
     36.9752    142.6482     16.9345    450.0349     70.0000     20.0015     20.0000      2.8587     -8.2846      8.7640    193.0347     14.0000     70.9623      0.3499     -0.6987      0.1825
     37.0123    142.4347     21.7730    450.0349     90.0000     20.0015     20.0000      2.7415     -7.6584      8.1343    193.0347     14.0000     70.3041      0.6836     -0.6535      0.2951
     37.0490    142.2210     26.6114    450.0349    110.0000     20.0015     20.0000      1.9380     -7.1013      7.3610    193.0347     14.0000     74.7357      0.2907     -0.6226      0.3408
     37.0853    142.0071     31.4498    450.0349    130.0000     20.0015     20.0000      0.7223     -7.0483      7.0852    193.0347     14.0000     84.1491     -0.5062     -1.9869      0.1248
     37.1213    141.7930     36.2883    450.0349    150.0000     20.0015     20.0000     -0.0603     -5.3623      5.3626    193.0347     14.0000     90.6444     -0.6503     -1.5114     -0.1350
     37.1568    141.5787     41.1267    450.0349    170.0000     20.0015     20.0000     -0.2833     -2.3178      2.3350    193.0347     14.0000     96.9699     -0.4307      1.0031     -0.2283
     37.1920    141.3642     45.9652    450.0349    190.0000     20.0015     20.0000     -0.2358     -1.1333      1.1575    193.0347     14.0000    101.7544     -0.2941      0.6188     -0.1931
     36.6860    143.2380      2.4192    470.0364     10.0000     20.0015     20.0000      1.7479     -6.1096      6.3547    193.0347     14.0000     74.0349     -0.7875      0.2491     -0.2267
     36.7242    143.0256      7.2577    470.0364     30.0000     20.0015     20.0000      1.8470     -6.2066      6.4756    193.0347     14.0000     73.4279     -0.6388      0.0979     -0.1040
     36.7620    142.8130     12.0961    470.0364     50.0000     20.0015     20.0000      2.1610     -6.4752      6.8263    193.0347     14.0000     71.5444     -0.1311     -0.3529      0.1989
     36.7994    142.6002     16.9345    470.0364     70.0000     20.0015     20.0000      2.3920     -6.5720      6.9938    193.0347     14.0000     70.0000      0.3745     -0.8320      0.2322
     36.8365    142.3872     21.7730    470.0364     90.0000     20.0015     20.0000      2.2393     -6.1525      6.5474    193.0347     14.0000     70.0000      0.6574     -0.8860      0.1791
     36.8731    142.1740     26.6114    470.0364    110.0000     20.0015     20.0000      1.3817     -5.2944      5.4717    193.0347     14.0000     75.3740      0.2689     -0.4294      0.1347
     36.9093    141.9605     31.4498    470.0364    130.0000     20.0015     20.0000     -0.0104     -4.5767      4.5767    193.0347     14.0000     90.1307     -0.7934     -0.4332      0.0117
     36.9452    141.7469     36.2883    470.0364    150.0000     20.0015     20.0000     -0.7022     -3.5532      3.6219    193.0347     14.0000    101.1797     -1.0617     -0.2621     -0.1366
     36.9807    141.5331     41.1267    470.0364    170.0000     20.0015     20.0000     -0.5730     -2.1105      2.1869    193.0347     14.0000    105.1896     -0.6427      0.5773     -0.2084
     37.0157    141.3190     45.9652    470.0364    190.0000     20.0015     20.0000     -0.3894     -1.5384      1.5870    193.0347     14.0000    104.2035     -0.5260     -0.1491     -0.1963
     36.5105    143.1888      2.4197    490.0380     10.0000     20.0015     20.0000      1.3321     -4.2300      4.4348    193.0347     14.0000     72.5203     -0.5784      0.2500     -0.1996
     36.5486    142.9768      7.2577    490.0380     30.0000     20.0015     20.0000      1.4143     -4.3236      4.5491    193.0347     14.0000     71.8868     -0.5156      0.1582     -0.1209
     36.5864    142.7647     12.0961    490.0380     50.0000     20.0015     20.0000      1.6303     -4.5854      4.8666    193.0347     14.0000     70.4282     -0.1620     -0.2052      0.1616
     36.6237    142.5524     16.9345    490.0380     70.0000     20.0015     20.0000      1.7011     -4.6737      4.9736    193.0347     14.0000     70.0000      0.1078     -0.5655      0.1746
     36.6606    142.3398     21.7730    490.0380     90.0000     20.0015     20.0000      1.5424     -4.2377      4.5097    193.0347     14.0000     70.0000      0.3063     -0.5010      0.0617
     36.6972    142.1271     26.6114    490.0380    110.0000     20.0015     20.0000      1.0584     -3.3557      3.5187    193.0347     14.0000     72.4949      0.3146      0.0518     -0.0088
     36.7334    141.9141     31.4498    490.0380    130.0000     20.0015     20.0000      0.2549     -2.6373      2.6496    193.0347     14.0000     84.4785     -0.1155      0.4032     -0.0528
     36.7691    141.7010     36.2883    490.0380    150.0000     20.0015     20.0000     -0.1158     -2.3252      2.3281    193.0347     14.0000     92.8511     -0.2266      0.2572     -0.1113
     36.8045    141.4876     41.1267    490.0380    170.0000     20.0015     20.0000      0.1301     -2.1965      2.2004    193.0347     14.0000     86.6098      0.1575     -0.1125     -0.1688
     36.8395    141.2740     45.9652    490.0380    190.0000     20.0015     20.0000      0.3356     -2.1416      2.1678    193.0347     14.0000     81.0932      0.3806     -1.1469     -0.1830
     36.3350    143.1397      2.4192    510.0395     10.0000     20.0015     20.0000      0.9358     -2.8046      2.9566    193.0347     14.0000     71.5487     -0.4533      0.2157     -0.1729
     36.3731    142.9283      7.2577    510.0395     30.0000     20.0015     20.0000      0.9806     -2.8443      3.0086    193.0347     14.0000     70.9777     -0.4433      0.1421     -0.1262
     36.4107    142.7166     12.0961    510.0395     50.0000     20.0015     20.0000      1.0627     -2.9199      3.1072    193.0347     14.0000     70.0000     -0.2556     -0.0234      0.0505
     36.4479    142.5047     16.9345    510.0395     70.0000     20.0015     20.0000      1.0272     -2.8221      3.0032    193.0347     14.0000     70.0000     -0.1190     -0.1251      0.0483
     36.4848    142.2927     21.7730    510.0395     90.0000     20.0015     20.0000      0.8734     -2.3996      2.5536    193.0347     14.0000     70.0000     -0.0209      0.0383     -0.0083
     36.5213    142.0804     26.6114    510.0395    110.0000     20.0015     20.0000      0.6591     -1.8108      1.9270    193.0347     14.0000     70.0000      0.0867      0.4056     -0.0128
     36.5574    141.8679     31.4498    510.0395    130.0000     20.0015     20.0000      0.4908     -1.5073      1.5852    193.0347     14.0000     71.9631      0.2415      0.5735      0.0096
     36.5931    141.6552     36.2883    510.0395    150.0000     20.0015     20.0000      0.5501     -1.7884      1.8711    193.0347     14.0000     72.9008      0.4834      0.1370     -0.0122
     36.6284    141.4423     41.1267    510.0395    170.0000     20.0015     20.0000      0.8583     -2.3604      2.5116    193.0347     14.0000     70.0169      0.8663     -0.7432     -0.0849
     36.6633    141.2293     45.9652    510.0395    190.0000     20.0015     20.0000      0.9424     -2.5892      2.7554    193.0347     14.0000     70.0000      1.0339     -1.9615     -0.1376
     36.1595    143.0910      2.4197    530.0410     10.0000     20.0015     20.0000      0.5408     -1.7253      1.8081    193.0347     14.0000     72.5950     -0.3687      0.1708     -0.1409
     36.1974    142.8800      7.2577    530.0410     30.0000     20.0015     20.0000      0.5611     -1.7095      1.7992    193.0347     14.0000     71.8301     -0.3893      0.1120     -0.1185
     36.2350    142.6688     12.0961    530.0410     50.0000     20.0015     20.0000      0.5774     -1.6051      1.7058    193.0347     14.0000     70.2161     -0.2971      0.1294     -0.0535
     36.2722    142.4573     16.9345    530.0410     70.0000     20.0015     20.0000      0.5007     -1.3756      1.4639    193.0347     14.0000     70.0000     -0.2516      0.2094     -0.0612
     36.3089    142.2457     21.7730    530.0410     90.0000     20.0015     20.0000      0.3783     -1.0393      1.1060    193.0347     14.0000     70.0000     -0.2091      0.3871     -0.0456
     36.3453    142.0339     26.6114    530.0410    110.0000     20.0015     20.0000      0.2857     -0.7850      0.8353    193.0347     14.0000     70.0000     -0.1415      0.5412      0.0234
     36.3813    141.8219     31.4498    530.0410    130.0000     20.0015     20.0000      0.3218     -0.8841      0.9408    193.0347     14.0000     70.0000      0.0170      0.4424      0.0917
     36.4170    141.6097     36.2883    530.0410    150.0000     20.0015     20.0000      0.5251     -1.4426      1.5352    193.0347     14.0000     70.0000      0.2753     -0.0956      0.0849
     36.4522    141.3973     41.1267    530.0410    170.0000     20.0015     20.0000      0.7846     -2.1556      2.2939    193.0347     14.0000     70.0000      0.5500     -0.9548      0.0009
     36.4870    141.1847     45.9652    530.0410    190.0000     20.0015     20.0000      0.8701     -2.3906      2.5440    193.0347     14.0000     70.0000      0.8351     -1.9844     -0.0762
     35.9840    143.0424      2.4197    550.0426     10.0000     20.0015     20.0000      0.2038     -0.9648      0.9861    193.0347     14.0000     78.0734     -0.2942      0.1269     -0.1009
     36.0218    142.8318      7.2577    550.0426     30.0000     20.0015     20.0000      0.2148     -0.9209      0.9456    193.0347     14.0000     76.8687     -0.3348      0.0893     -0.0961
     36.0593    142.6211     12.0961    550.0426     50.0000     20.0015     20.0000      0.2230     -0.7397      0.7726    193.0347     14.0000     73.2255     -0.2950      0.1940     -0.1033
     36.0964    142.4101     16.9345    550.0426     70.0000     20.0015     20.0000      0.1784     -0.4900      0.5215    193.0347     14.0000     70.0000     -0.2679      0.3383     -0.1147
     36.1331    142.1990     21.7730    550.0426     90.0000     20.0015     20.0000      0.0991     -0.2722      0.2897    193.0347     14.0000     70.0000     -0.2588      0.4601     -0.0689
     36.1694    141.9876     26.6114    550.0426    110.0000     20.0015     20.0000      0.0750     -0.2059      0.2192    193.0347     14.0000     70.0000     -0.2005      0.4986      0.0222
     36.2053    141.7761     31.4498    550.0426    130.0000     20.0015     20.0000      0.1452     -0.3989      0.4245    193.0347     14.0000     70.0000     -0.0923      0.3724      0.1034
     36.2408    141.5643     36.2883    550.0426    150.0000     20.0015     20.0000      0.3076     -0.8452      0.8995    193.0347     14.0000     70.0000      0.0656      0.0204      0.1116
     36.2760    141.3524     41.1267    550.0426    170.0000     20.0015     20.0000      0.4789     -1.3158      1.4002    193.0347     14.0000     70.0000      0.2469     -0.4701      0.0450
     36.3108    141.1403     45.9652    550.0426    190.0000     20.0015     20.0000      0.5286     -1.4523      1.5455    193.0347     14.0000     70.0000      0.4744     -1.0917     -0.0262
     35.8084    142.9940      2.4192    570.0441     10.0000     20.0015     20.0000     -0.0098     -0.4901      0.4902    193.0347     14.0000     91.1438     -0.2175      0.0874     -0.0569
     35.8462    142.7839      7.2577    570.0441     30.0000     20.0015     20.0000     -0.0005     -0.4475      0.4475    193.0347     14.0000     90.0685     -0.2651      0.0745     -0.0657
     35.8836    142.5736     12.0961    570.0441     50.0000     20.0015     20.0000      0.0219     -0.2883      0.2891    193.0347     14.0000     85.6650     -0.2496      0.1762     -0.1014
     35.9205    142.3632     16.9345    570.0441     70.0000     20.0015     20.0000      0.0272     -0.1062      0.1097    193.0347     14.0000     75.6427     -0.2189      0.2884     -0.1118
     35.9572    142.1525     21.7730    570.0441     90.0000     20.0015     20.0000      0.0000      0.0000      0.0000    193.0347     14.0000      0.0000     -0.2071      0.3304     -0.0745
     35.9934    141.9416     26.6114    570.0441    110.0000     20.0015     20.0000      0.0000      0.0000      0.0000    193.0347     14.0000      0.0000     -0.1652      0.3116     -0.0071
     36.0293    141.7305     31.4498    570.0441    130.0000     20.0015     20.0000      0.0286     -0.0786      0.0837    193.0347     14.0000     70.0000     -0.1295      0.3072      0.0571
     36.0647    141.5192     36.2883    570.0441    150.0000     20.0015     20.0000      0.0884     -0.2430      0.2585    193.0347     14.0000     70.0000     -0.0875      0.2391      0.0758
     36.0998    141.3077     41.1267    570.0441    170.0000     20.0015     20.0000      0.1439     -0.3953      0.4207    193.0347     14.0000     70.0000     -0.0358      0.1275      0.0420
     36.1345    141.0960     45.9652    570.0441    190.0000     20.0015     20.0000      0.1563     -0.4293      0.4569    193.0347     14.0000     70.0000      0.0774     -0.0840     -0.0026
     35.6328    142.9459      2.4197    590.0457     10.0000     20.0015     20.0000     -0.0744     -0.2291      0.2409    193.0347     14.0000    107.9892     -0.1344      0.0577     -0.0210
     35.6705    142.7362      7.2577    590.0457     30.0000     20.0015     20.0000     -0.0677     -0.2045      0.2154    193.0347     14.0000    108.3100     -0.1714      0.0636     -0.0378
     35.7078    142.5264     12.0961    590.0457     50.0000     20.0015     20.0000     -0.0415     -0.1140      0.1214    193.0347     14.0000    110.0000     -0.1688      0.1163     -0.0721
     35.7447    142.3164     16.9345    590.0457     70.0000     20.0015     20.0000     -0.0094     -0.0257      0.0273    193.0347     14.0000    110.0000     -0.1362      0.1594     -0.0770
     35.7813    142.1061     21.7730    590.0457     90.0000     20.0015     20.0000      0.0000      0.0000      0.0000    193.0347     14.0000      0.0000     -0.1116      0.1327     -0.0597
     35.8174    141.8957     26.6114    590.0457    110.0000     20.0015     20.0000      0.0000      0.0000      0.0000    193.0347     14.0000      0.0000     -0.0930      0.1175     -0.0276
     35.8532    141.6851     31.4498    590.0457    130.0000     20.0015     20.0000      0.0000      0.0000      0.0000    193.0347     14.0000      0.0000     -0.0830      0.1500      0.0089
     35.8886    141.4742     36.2883    590.0457    150.0000     20.0015     20.0000      0.0000      0.0000      0.0000    193.0347     14.0000      0.0000     -0.0875      0.2073      0.0278
     35.9236    141.2632     41.1267    590.0457    170.0000     20.0015     20.0000      0.0000      0.0000      0.0000    193.0347     14.0000      0.0000     -0.0866      0.2434      0.0199
     35.9582    141.0520     45.9652    590.0457    190.0000     20.0015     20.0000      0.0000      0.0000      0.0000    193.0347     14.0000      0.0000     -0.0475      0.2125      0.0016
     35.4572    142.8979      2.4192    610.0472     10.0000     20.0015     20.0000     -0.0365     -0.1003      0.1068    193.0347     14.0000    110.0000     -0.0557      0.0360     -0.0024
     35.4948    142.6888      7.2577    610.0472     30.0000     20.0015     20.0000     -0.0328     -0.0902      0.0960    193.0347     14.0000    110.0000     -0.0654      0.0458     -0.0185
     35.5320    142.4794     12.0961    610.0472     50.0000     20.0015     20.0000     -0.0207     -0.0569      0.0606    193.0347     14.0000    110.0000     -0.0724      0.0584     -0.0410
     35.5689    142.2698     16.9345    610.0472     70.0000     20.0015     20.0000     -0.0090     -0.0247      0.0263    193.0347     14.0000    110.0000     -0.0783      0.0663     -0.0438
     35.6053    142.0600     21.7730    610.0472     90.0000     20.0015     20.0000     -0.0002     -0.0076      0.0076    193.0347     14.0000     91.5912     -0.0713      0.0632     -0.0392
     35.6414    141.8500     26.6114    610.0472    110.0000     20.0015     20.0000      0.0000      0.0000      0.0000    193.0347     14.0000      0.0000     -0.0631      0.0612     -0.0287
     35.6771    141.6398     31.4498    610.0472    130.0000     20.0015     20.0000      0.0000      0.0000      0.0000    193.0347     14.0000      0.0000     -0.0472      0.0596     -0.0132
     35.7124    141.4295     36.2883    610.0472    150.0000     20.0015     20.0000      0.0000      0.0000      0.0000    193.0347     14.0000      0.0000     -0.0310      0.0671     -0.0007
     35.7473    141.2189     41.1267    610.0472    170.0000     20.0015     20.0000      0.0000      0.0000      0.0000    193.0347     14.0000      0.0000     -0.0162      0.0727      0.0023
     35.7819    141.0082     45.9652    610.0472    190.0000     20.0015     20.0000      0.0000      0.0000      0.0000    193.0347     14.0000      0.0000     -0.0005      0.0692     -0.0009
