       latitude      longitude observation     resiual  prediction  correction
       34.29293      136.00264     0.03540    -0.03434     0.06974     0.00000
       35.08572      136.04120     0.05440    -0.04403     0.09843     0.00000
       34.71065      136.04189     0.03590    -0.04808     0.08398     0.00000
       36.10973      136.04895     0.10030    -0.04492     0.14522     0.00000
       34.56703      136.05039     0.03800    -0.04096     0.07896     0.00000
       35.46629      136.05367     0.06040    -0.05454     0.11494     0.00000
       34.86933      136.05483     0.03740    -0.05262     0.09002     0.00000
       35.83684      136.05598     0.07780    -0.05441     0.13221     0.00000
       35.31897      136.06283     0.06710    -0.04147     0.10857     0.00000
       35.60256      136.10581     0.06500    -0.05724     0.12224     0.00000
       34.98638      136.14504     0.04870    -0.04691     0.09561     0.00000
       35.09473      136.15823     0.06010    -0.04018     0.10028     0.00000
       36.23117      136.17297     0.10410    -0.05129     0.15539     0.00000
       34.49387      136.17315     0.02480    -0.05236     0.07716     0.00000
       34.74287      136.18345     0.03140    -0.05493     0.08633     0.00000
       35.96889      136.18499     0.08300    -0.05925     0.14225     0.00000
       35.79278      136.19739     0.07440    -0.05922     0.13362     0.00000
       35.55733      136.19795     0.06820    -0.05379     0.12199     0.00000
       34.06066      136.19836     0.04310    -0.02023     0.06333     0.00000
       35.26944      136.23561     0.06510    -0.04399     0.10909     0.00000
       35.42036      136.26475     0.07990    -0.03677     0.11667     0.00000
       36.14562      136.27894     0.11710    -0.03740     0.15450     0.00000
       34.93073      136.29557     0.05540    -0.03951     0.09491     0.00000
       34.64875      136.32976     0.03880    -0.04500     0.08380     0.00000
       34.43314      136.33426     0.03370    -0.04214     0.07584     0.00000
       35.88822      136.33958     0.08070    -0.06171     0.14241     0.00000
       34.20816      136.34293     0.04260    -0.02563     0.06823     0.00000
       36.22956      136.36165     0.10800    -0.05407     0.16207     0.00000
       34.29793      136.38849     0.02940    -0.04195     0.07135     0.00000
       36.39446      136.38894     0.11250    -0.06001     0.17251     0.00000
       34.85490      136.39326     0.06300    -0.02966     0.09266     0.00000
       34.60333      136.43194     0.04650    -0.03620     0.08270     0.00000
       35.35973      136.47031     0.09070    -0.02661     0.11731     0.00000
       34.42033      136.47446     0.03700    -0.03898     0.07598     0.00000
       35.63615      136.48877     0.07380    -0.05861     0.13241     0.00000
       34.75900      136.50229     0.06450    -0.02501     0.08951     0.00000
       35.10476      136.50376     0.05680    -0.04835     0.10515     0.00000
       35.98491      136.50492     0.09550    -0.05734     0.15284     0.00000
       34.28507      136.54048     0.03600    -0.03536     0.07136     0.00000
       36.53727      136.54067     0.11190    -0.07584     0.18774     0.00000
       35.48006      136.54529     0.08300    -0.04206     0.12506     0.00000
       35.37171      136.54974     0.07230    -0.04702     0.11932     0.00000
       34.54705      136.55066     0.04850    -0.03265     0.08115     0.00000
       35.22791      136.59344     0.06220    -0.05032     0.11252     0.00000
       36.37007      136.60533     0.12770    -0.05260     0.18030     0.00000
       35.63290      136.61139     0.08290    -0.05220     0.13510     0.00000
       34.43144      136.62840     0.04380    -0.03320     0.07700     0.00000
       36.16529      136.63395     0.11960    -0.04883     0.16843     0.00000
       34.91380      136.63650     0.04590    -0.05167     0.09757     0.00000
       36.66341      136.64994     0.14190    -0.05930     0.20120     0.00000
       35.90141      136.65774     0.08770    -0.06485     0.15255     0.00000
       35.48832      136.68728     0.08500    -0.04339     0.12839     0.00000
       34.29661      136.69319     0.02880    -0.04335     0.07215     0.00000
       35.05091      136.69425     0.04690    -0.05794     0.10484     0.00000
       37.15674      136.71876     0.16770    -0.06827     0.23597     0.00000
       34.49000      136.72823     0.04440    -0.03529     0.07969     0.00000
       35.40513      136.72875     0.08250    -0.04191     0.12441     0.00000
       36.81748      136.75565     0.15610    -0.06122     0.21732     0.00000
       37.00072      136.77271     0.15780    -0.07246     0.23026     0.00000
       35.72349      136.78462     0.09600    -0.04895     0.14495     0.00000
       35.30084      136.78882     0.07610    -0.04341     0.11951     0.00000
       34.37358      136.80200     0.04040    -0.03491     0.07531     0.00000
       36.59209      136.80640     0.14770    -0.05730     0.20500     0.00000
       34.25344      136.82061     0.03320    -0.03759     0.07079     0.00000
       35.19011      136.82883     0.06730    -0.04661     0.11391     0.00000
       34.90438      136.83188     0.04660    -0.05233     0.09893     0.00000
       34.46539      136.85113     0.02740    -0.05173     0.07913     0.00000
       34.98439      136.86275     0.05030    -0.05299     0.10329     0.00000
       35.86694      136.86318     0.08830    -0.06837     0.15667     0.00000
       34.82336      136.86764     0.03040    -0.06485     0.09525     0.00000
       37.38238      136.88917     0.19400    -0.06843     0.26243     0.00000
       35.52607      136.90002     0.07670    -0.05845     0.13515     0.00000
       36.26147      136.90427     0.12660    -0.05961     0.18621     0.00000
       37.22644      136.90877     0.18800    -0.06671     0.25471     0.00000
       37.85050      136.91927     0.21540    -0.07252     0.28792     0.00000
       36.40188      136.92056     0.13500    -0.06234     0.19734     0.00000
       35.33476      136.92998     0.08030    -0.04356     0.12386     0.00000
       34.74005      136.93848     0.04880    -0.04293     0.09173     0.00000
       36.03305      136.95276     0.11960    -0.05186     0.17146     0.00000
       35.16842      136.96580     0.08430    -0.03027     0.11457     0.00000
       35.75778      136.97530     0.09140    -0.06110     0.15250     0.00000
       34.54391      136.98175     0.03170    -0.05121     0.08291     0.00000
       37.12316      136.99607     0.18040    -0.07457     0.25497     0.00000
       36.74062      136.99613     0.15670    -0.07049     0.22719     0.00000
       36.91951      137.02643     0.17630    -0.06644     0.24274     0.00000
       36.64956      137.03190     0.16970    -0.05279     0.22249     0.00000
       37.43226      137.03394     0.21380    -0.06448     0.27828     0.00000
       35.12811      137.04128     0.06510    -0.04811     0.11321     0.00000
       34.99499      137.05978     0.06830    -0.03753     0.10583     0.00000
       34.60924      137.06807     0.03790    -0.04830     0.08620     0.00000
       35.23909      137.07357     0.06170    -0.05860     0.12030     0.00000
       36.14026      137.08053     0.11450    -0.07022     0.18472     0.00000
       35.36737      137.11023     0.07530    -0.05376     0.12906     0.00000
       34.79487      137.11900     0.04910    -0.04648     0.09558     0.00000
       35.47870      137.12469     0.08070    -0.05610     0.13680     0.00000
       37.30697      137.13854     0.19260    -0.08744     0.28004     0.00000
       36.33551      137.14717     0.15050    -0.05321     0.20371     0.00000
       34.91734      137.15239     0.06110    -0.04127     0.10237     0.00000
       36.75795      137.15447     0.16970    -0.06966     0.23936     0.00000
       35.61209      137.17414     0.09330    -0.05407     0.14737     0.00000
       36.63434      137.19520     0.15980    -0.07200     0.23180     0.00000
       35.91163      137.20067     0.12020    -0.05097     0.17117     0.00000
       36.47280      137.23922     0.16220    -0.05837     0.22057     0.00000
       35.80048      137.24837     0.09540    -0.06845     0.16385     0.00000
       35.30055      137.25232     0.07010    -0.05691     0.12701     0.00000
       35.13875      137.25356     0.06340    -0.05306     0.11646     0.00000
       37.44603      137.27005     0.21730    -0.08537     0.30267     0.00000
       34.64866      137.27784     0.04490    -0.04398     0.08888     0.00000
       34.91975      137.29994     0.05510    -0.04855     0.10365     0.00000
       35.52313      137.30909     0.08920    -0.05475     0.14395     0.00000
       35.03946      137.31316     0.05240    -0.05852     0.11092     0.00000
       34.78591      137.33877     0.05410    -0.04224     0.09634     0.00000
       36.13599      137.34791     0.12170    -0.07453     0.19623     0.00000
       36.28564      137.36302     0.14550    -0.06518     0.21068     0.00000
       36.73696      137.36951     0.17800    -0.07539     0.25339     0.00000
       35.26197      137.40561     0.07260    -0.05409     0.12669     0.00000
       34.96748      137.42313     0.06110    -0.04635     0.10745     0.00000
       35.65719      137.42477     0.10010    -0.05724     0.15734     0.00000
       34.86482      137.43400     0.05110    -0.05024     0.10134     0.00000
       36.57871      137.43990     0.16710    -0.07636     0.24346     0.00000
       34.68038      137.44245     0.03890    -0.05214     0.09104     0.00000
       35.81555      137.45088     0.11550    -0.05614     0.17164     0.00000
       35.39676      137.46757     0.07760    -0.05997     0.13757     0.00000
       36.92896      137.48723     0.19990    -0.08166     0.28156     0.00000
       34.71805      137.51493     0.04380    -0.04950     0.09330     0.00000
       35.57509      137.52878     0.08310    -0.07004     0.15314     0.00000
       35.97346      137.53487     0.12050    -0.06872     0.18922     0.00000
       36.86434      137.55133     0.20150    -0.07954     0.28104     0.00000
       34.80873      137.55434     0.04480    -0.05383     0.09863     0.00000
       35.10002      137.57533     0.06720    -0.05023     0.11743     0.00000
       34.93768      137.57549     0.05400    -0.05265     0.10665     0.00000
       35.24700      137.58767     0.07030    -0.05785     0.12815     0.00000
       35.88000      137.59827     0.12020    -0.06251     0.18271     0.00000
       35.66123      137.62016     0.09550    -0.06748     0.16298     0.00000
       34.70212      137.63688     0.02800    -0.06469     0.09269     0.00000
       34.83533      137.67234     0.05520    -0.04550     0.10070     0.00000
       35.34373      137.67640     0.05920    -0.07776     0.13696     0.00000
       34.75204      137.68078     0.04220    -0.05348     0.09568     0.00000
       36.08466      137.68263     0.13390    -0.07305     0.20695     0.00000
       35.07929      137.69524     0.06570    -0.05138     0.11708     0.00000
       35.78362      137.69626     0.11640    -0.06035     0.17675     0.00000
       34.67231      137.72338     0.05550    -0.03560     0.09110     0.00000
       35.94460      137.78544     0.12370    -0.07286     0.19656     0.00000
       34.79284      137.79179     0.04630    -0.05210     0.09840     0.00000
       35.77753      137.81448     0.10800    -0.07202     0.18002     0.00000
       35.52109      137.81524     0.09090    -0.06401     0.15491     0.00000
       34.94134      137.81794     0.04410    -0.06412     0.10822     0.00000
       34.67188      137.82342     0.04020    -0.05091     0.09111     0.00000
       36.49977      137.85112     0.18070    -0.08464     0.26534     0.00000
       35.16045      137.86876     0.06840    -0.05631     0.12471     0.00000
       36.22837      137.87175     0.15530    -0.07808     0.23338     0.00000
       36.70647      137.87233     0.20490    -0.08816     0.29306     0.00000
       37.04517      137.87385     0.26070    -0.07421     0.33491     0.00000
       36.95087      137.89387     0.23700    -0.08885     0.32585     0.00000
       36.32237      137.90282     0.16920    -0.07774     0.24694     0.00000
       34.75539      137.91128     0.04950    -0.04670     0.09620     0.00000
       35.31714      137.92527     0.08360    -0.05481     0.13841     0.00000
       34.84386      137.93215     0.05840    -0.04356     0.10196     0.00000
       34.67042      137.93744     0.03270    -0.05826     0.09096     0.00000
       35.92358      137.94381     0.12970    -0.07106     0.20076     0.00000
       34.90205      137.94681     0.05140    -0.05456     0.10596     0.00000
       35.03152      137.98042     0.06410    -0.05142     0.11552     0.00000
       36.12111      137.98301     0.15510    -0.07138     0.22648     0.00000
       35.72629      137.98389     0.11560    -0.06435     0.17995     0.00000
       36.23903      137.98455     0.16940    -0.07221     0.24161     0.00000
       34.78595      138.01753     0.05100    -0.04718     0.09818     0.00000
       35.55613      138.03832     0.08900    -0.07423     0.16323     0.00000
       34.66641      138.04652     0.04850    -0.04203     0.09053     0.00000
       34.71525      138.05354     0.04540    -0.04817     0.09357     0.00000
       34.93980      138.07486     0.06320    -0.04578     0.10898     0.00000
       35.04488      138.08168     0.06540    -0.05164     0.11704     0.00000
       35.87842      138.09571     0.12050    -0.08099     0.20149     0.00000
       36.70665      138.09673     0.24240    -0.07317     0.31557     0.00000
       34.67992      138.09829     0.05310    -0.03815     0.09125     0.00000
       37.16079      138.10019     0.29540    -0.08432     0.37972     0.00000
       36.52360      138.12095     0.21250    -0.07873     0.29123     0.00000
       34.64290      138.12929     0.04570    -0.04315     0.08885     0.00000
       35.10391      138.13490     0.07220    -0.04990     0.12210     0.00000
       34.75776      138.13692     0.05010    -0.04609     0.09619     0.00000
       34.63454      138.15904     0.04060    -0.04763     0.08823     0.00000
       34.84941      138.17674     0.04270    -0.05977     0.10247     0.00000
       34.67775      138.18296     0.03870    -0.05215     0.09085     0.00000
       35.32207      138.18578     0.09670    -0.04548     0.14218     0.00000
       36.86540      138.19867     0.27190    -0.07917     0.35107     0.00000
       35.06697      138.20998     0.06480    -0.05456     0.11936     0.00000
       36.02616      138.21448     0.14800    -0.07807     0.22607     0.00000
       34.60315      138.21525     0.04040    -0.04566     0.08606     0.00000
       36.20847      138.21649     0.17930    -0.07289     0.25219     0.00000
       34.73831      138.22560     0.05040    -0.04427     0.09467     0.00000
       37.05668      138.24259     0.29240    -0.09386     0.38626     0.00000
       36.66515      138.24747     0.25440    -0.07110     0.32550     0.00000
       34.95435      138.24990     0.07060    -0.03972     0.11032     0.00000
       35.20098      138.25351     0.06610    -0.06524     0.13134     0.00000
       37.81590      138.27307     0.38030    -0.10551     0.48581     0.00000
       35.85598      138.31640     0.14570    -0.06149     0.20719     0.00000
       36.38618      138.32252     0.21700    -0.07057     0.28757     0.00000
       34.83617      138.33122     0.04530    -0.05593     0.10123     0.00000
       37.23112      138.33357     0.35150    -0.07599     0.42749     0.00000
       36.13311      138.36204     0.17770    -0.07227     0.24997     0.00000
       36.26099      138.36604     0.20830    -0.06231     0.27061     0.00000
       35.10346      138.36870     0.07110    -0.05190     0.12300     0.00000
       38.02369      138.36988     0.40540    -0.11795     0.52335     0.00000
       34.99052      138.37830     0.05640    -0.05685     0.11325     0.00000
       36.80171      138.43617     0.29540    -0.07657     0.37197     0.00000
       35.90493      138.44421     0.13710    -0.08221     0.21931     0.00000
       35.44358      138.44525     0.10520    -0.05312     0.15832     0.00000
       35.28946      138.44570     0.08640    -0.05499     0.14139     0.00000
       35.67369      138.45682     0.13220    -0.05491     0.18711     0.00000
       37.10708      138.45736     0.35170    -0.07781     0.42951     0.00000
       36.13064      138.46097     0.17180    -0.08384     0.25564     0.00000
       38.06328      138.47168     0.43800    -0.11318     0.55118     0.00000
       36.28471      138.49928     0.21430    -0.07044     0.28474     0.00000
       38.31935      138.51309     0.46790    -0.10350     0.57140     0.00000
       34.98650      138.51568     0.06430    -0.04841     0.11271     0.00000
       37.34854      138.51637     0.39160    -0.08982     0.48142     0.00000
       35.06741      138.52471     0.06950    -0.05038     0.11988     0.00000
       36.50800      138.55271     0.25750    -0.07366     0.33116     0.00000
       35.36208      138.56343     0.08020    -0.07006     0.15026     0.00000
       37.39768      138.57440     0.40080    -0.10137     0.50217     0.00000
       35.97415      138.58303     0.16740    -0.06907     0.23647     0.00000
       35.59034      138.58330     0.11900    -0.05987     0.17887     0.00000
       36.61632      138.59145     0.28430    -0.07269     0.35699     0.00000
       35.46769      138.60687     0.08940    -0.07396     0.16336     0.00000
       37.07913      138.60872     0.36910    -0.08328     0.45238     0.00000
       35.11715      138.60997     0.05970    -0.06481     0.12451     0.00000
       35.20318      138.61699     0.07230    -0.06087     0.13317     0.00000
       36.85669      138.62425     0.34210    -0.06851     0.41061     0.00000
       37.21211      138.63460     0.40980    -0.07322     0.48302     0.00000
       36.34601      138.63780     0.23060    -0.07733     0.30793     0.00000
       35.64952      138.69038     0.13120    -0.05818     0.18938     0.00000
       35.74687      138.69513     0.14730    -0.05688     0.20418     0.00000
       37.53583      138.70694     0.45830    -0.09896     0.55726     0.00000
       35.17359      138.72154     0.08660    -0.04351     0.13011     0.00000
       35.36077      138.72730     0.09790    -0.05338     0.15128     0.00000
       34.69025      138.76279     0.04650    -0.04107     0.08757     0.00000
       35.30554      138.77067     0.08550    -0.05934     0.14484     0.00000
       34.85503      138.77652     0.05470    -0.04536     0.10006     0.00000
       37.49866      138.77954     0.47490    -0.09596     0.57086     0.00000
       37.66752      138.78051     0.49190    -0.10635     0.59825     0.00000
       34.77607      138.78606     0.06310    -0.03058     0.09368     0.00000
       37.31131      138.78998     0.45910    -0.07940     0.53850     0.00000
       34.97057      138.79466     0.06310    -0.04680     0.10990     0.00000
       35.49659      138.81404     0.11010    -0.05950     0.16960     0.00000
       36.99346      138.83084     0.40310    -0.07542     0.47852     0.00000
       34.61000      138.83842     0.03890    -0.04219     0.08109     0.00000
       36.59138      138.84789     0.29980    -0.08534     0.38514     0.00000
       36.25903      138.86541     0.23620    -0.07358     0.30978     0.00000
       34.71947      138.87647     0.03800    -0.05034     0.08834     0.00000
       37.77699      138.88044     0.52610    -0.11907     0.64517     0.00000
       35.32160      138.88165     0.09910    -0.04787     0.14697     0.00000
       35.11002      138.90186     0.06060    -0.06213     0.12273     0.00000
       36.69703      138.90626     0.34780    -0.07214     0.41994     0.00000
       35.04724      138.90689     0.05060    -0.06568     0.11628     0.00000
       36.14275      138.91242     0.21300    -0.07481     0.28781     0.00000
       37.58974      138.92028     0.54040    -0.08854     0.62894     0.00000
       34.86559      138.92225     0.04180    -0.05759     0.09939     0.00000
       34.91611      138.92482     0.03610    -0.06766     0.10376     0.00000
       35.92993      138.92605     0.19580    -0.04865     0.24445     0.00000
       35.20439      138.92835     0.08140    -0.05151     0.13291     0.00000
       37.16604      138.93372     0.48400    -0.05924     0.54324     0.00000
       34.69890      138.93933     0.03920    -0.04677     0.08597     0.00000
       36.77806      138.94482     0.39250    -0.05490     0.44740     0.00000
       35.75387      138.94999     0.14490    -0.06751     0.21241     0.00000
       35.11417      138.97387     0.06140    -0.06123     0.12263     0.00000
       35.62335      138.97585     0.12220    -0.06854     0.19074     0.00000
       37.89647      138.98886     0.54930    -0.14918     0.69848     0.00000
       34.75135      138.98982     0.04070    -0.04851     0.08921     0.00000
       35.01483      138.99793     0.05180    -0.06039     0.11219     0.00000
       37.46772      138.99801     0.54800    -0.08239     0.63039     0.00000
       34.92182      139.01369     0.03600    -0.06720     0.10320     0.00000
       36.39535      139.01671     0.28050    -0.07697     0.35747     0.00000
       37.31987      139.02025     0.52560    -0.07857     0.60417     0.00000
       35.51187      139.02578     0.12120    -0.05248     0.17368     0.00000
       35.41535      139.04518     0.10460    -0.05495     0.15955     0.00000
       35.24552      139.04934     0.07950    -0.05762     0.13712     0.00000
       36.53926      139.05673     0.31760    -0.08359     0.40119     0.00000
       37.66230      139.05912     0.60510    -0.08461     0.68971     0.00000
       36.83735      139.06085     0.42080    -0.06539     0.48619     0.00000
       36.23467      139.06664     0.23340    -0.08798     0.32138     0.00000
       34.94976      139.06990     0.05720    -0.04783     0.10503     0.00000
       37.75206      139.07391     0.59640    -0.11423     0.71063     0.00000
       35.98689      139.07569     0.19740    -0.06591     0.26331     0.00000
       35.00685      139.08197     0.06480    -0.04558     0.11038     0.00000
       34.97186      139.10169     0.04520    -0.06148     0.10668     0.00000
       35.14860      139.11044     0.05380    -0.07134     0.12514     0.00000
       37.54034      139.11145     0.62630    -0.05850     0.68480     0.00000
       34.87847      139.12436     0.02800    -0.06970     0.09770     0.00000
       34.93931      139.13116     0.04990    -0.05324     0.10314     0.00000
       34.20048      139.13445     0.00260    -0.05064     0.05324     0.00000
       34.23991      139.13757     0.01090    -0.04415     0.05505     0.00000
       35.26860      139.14241     0.07830    -0.06106     0.13936     0.00000
       35.61027      139.15723     0.10750    -0.08331     0.19081     0.00000
       35.33621      139.16260     0.08000    -0.06820     0.14820     0.00000
       35.04063      139.17103     0.05070    -0.06188     0.11258     0.00000
       35.88405      139.18220     0.18170    -0.06346     0.24516     0.00000
       35.42852      139.20487     0.10820    -0.05313     0.16133     0.00000
       34.33312      139.21094     0.00940    -0.04901     0.05841     0.00000
       36.76969      139.22490     0.43210    -0.06846     0.50056     0.00000
       37.82816      139.22604     0.70260    -0.08310     0.78570     0.00000
       37.15762      139.24711     0.55290    -0.07813     0.63103     0.00000
       38.46539      139.25335     0.71290    -0.12015     0.83305     0.00000
       36.26769      139.25464     0.28520    -0.06243     0.34763     0.00000
       34.37183      139.25791     0.02980    -0.02977     0.05957     0.00000
       35.30490      139.26269     0.09140    -0.05167     0.14307     0.00000
       35.72376      139.26813     0.16230    -0.05123     0.21353     0.00000
       36.00374      139.26933     0.23150    -0.04546     0.27696     0.00000
       34.51963      139.27093     0.02740    -0.04055     0.06795     0.00000
       35.48264      139.32258     0.11030    -0.05917     0.16947     0.00000
       36.42163      139.33039     0.34250    -0.06170     0.40420     0.00000
       36.12095      139.34517     0.25850    -0.05435     0.31285     0.00000
       37.92938      139.35146     0.77510    -0.08515     0.86025     0.00000
       34.73761      139.35859     0.06320    -0.01822     0.08142     0.00000
       37.30280      139.36435     0.62960    -0.08881     0.71841     0.00000
       35.80080      139.36597     0.18380    -0.04797     0.23177     0.00000
       35.39149      139.36606     0.09520    -0.05937     0.15457     0.00000
       35.61643      139.36990     0.14010    -0.05322     0.19332     0.00000
       34.78442      139.38139     0.04500    -0.03967     0.08467     0.00000
       37.03693      139.40223     0.56940    -0.07165     0.64105     0.00000
       34.68679      139.43322     0.04310    -0.03274     0.07584     0.00000
       34.76154      139.43402     0.04340    -0.03820     0.08160     0.00000
       42.06050      139.44615     0.08180    -0.08071     0.16251     0.00000
       38.05618      139.46168     0.86960    -0.06471     0.93431     0.00000
       35.92550      139.46429     0.21500    -0.05000     0.26500     0.00000
       35.32668      139.46607     0.09280    -0.05060     0.14340     0.00000
       35.52141      139.46784     0.09370    -0.08162     0.17532     0.00000
       37.68591      139.47789     0.76780    -0.11214     0.87994     0.00000
       34.07578      139.47881     0.01400    -0.02737     0.04137     0.00000
       35.71037      139.48826     0.15000    -0.06317     0.21317     0.00000
       36.62417      139.49059     0.44810    -0.05722     0.50532     0.00000
       37.28149      139.50377     0.69370    -0.07544     0.76914     0.00000
       34.12107      139.50385     0.01450    -0.02816     0.04266     0.00000
       36.87225      139.50531     0.56140    -0.04840     0.60980     0.00000
       38.23069      139.50957     0.89510    -0.07738     0.97248     0.00000
       42.15355      139.51960     0.09230    -0.06165     0.15395     0.00000
       35.41927      139.52192     0.06990    -0.08706     0.15696     0.00000
       37.47346      139.52863     0.76560    -0.08082     0.84642     0.00000
       38.51120      139.53382     0.90320    -0.07154     0.97474     0.00000
       36.29516      139.54230     0.33750    -0.04933     0.38683     0.00000
       34.05911      139.54715     0.03220    -0.00713     0.03933     0.00000
       39.18556      139.54766     0.68180    -0.14832     0.83012     0.00000
       34.09376      139.56176     0.00030    -0.04005     0.04035     0.00000
       37.09725      139.58616     0.67920    -0.05289     0.73209     0.00000
       35.16087      139.61384     0.05060    -0.06679     0.11739     0.00000
       36.66598      139.61925     0.48760    -0.06491     0.55251     0.00000
       35.66370      139.63065     0.08860    -0.11422     0.20282     0.00000
       36.08723      139.63672     0.26540    -0.05598     0.32138     0.00000
       35.75803      139.64454     0.15740    -0.06766     0.22506     0.00000
       35.93747      139.65186     0.24690    -0.02734     0.27424     0.00000
       35.43648      139.65375     0.13370    -0.02374     0.15744     0.00000
       35.26709      139.66484     0.08270    -0.04761     0.13031     0.00000
       35.56340      139.67335     0.13390    -0.04707     0.18097     0.00000
       38.70117      139.67453     0.91520    -0.11279     1.02799     0.00000
       37.32621      139.68635     0.82010    -0.05444     0.87454     0.00000
       36.40185      139.72642     0.40560    -0.04909     0.45469     0.00000
       38.14618      139.74225     1.05270    -0.07040     1.12310     0.00000
       36.53763      139.75279     0.49800    -0.02539     0.52339     0.00000
       39.96790      139.77615     0.48210    -0.12957     0.61167     0.00000
       37.64370      139.79151     0.95130    -0.10721     1.05851     0.00000
       35.89597      139.79599     0.20630    -0.05826     0.26456     0.00000
       36.01090      139.79993     0.23560    -0.06711     0.30271     0.00000
       36.97958      139.80575     0.74540    -0.02431     0.76971     0.00000
       38.89460      139.80885     0.94310    -0.11308     1.05618     0.00000
       36.20367      139.81053     0.33280    -0.04520     0.37800     0.00000
       35.78021      139.81281     0.17900    -0.05170     0.23070     0.00000
       35.31170      139.82552     0.09600    -0.03606     0.13206     0.00000
       38.59404      139.83177     1.05850    -0.09758     1.15608     0.00000
       37.46129      139.83552     0.95660    -0.06317     1.01977     0.00000
       39.89113      139.84893     0.52850    -0.12772     0.65622     0.00000
       36.77637      139.85426     0.63430    -0.04368     0.67798     0.00000
       42.45073      139.85767     0.06850    -0.05903     0.12753     0.00000
       34.95408      139.86408     0.02840    -0.05778     0.08618     0.00000
       37.26107      139.87143     0.90790    -0.04214     0.95004     0.00000
       37.92058      139.87941     1.10470    -0.09638     1.20108     0.00000
       35.67546      139.90235     0.17350    -0.02833     0.20183     0.00000
       36.45658      139.90251     0.48780    -0.02474     0.51254     0.00000
       39.20606      139.90772     0.88270    -0.10262     0.98532     0.00000
       36.59895      139.92347     0.55010    -0.04766     0.59776     0.00000
       39.01597      139.92750     0.99040    -0.09138     1.08178     0.00000
       40.57764      139.92812     0.30800    -0.11543     0.42343     0.00000
       36.11481      139.93150     0.31760    -0.03116     0.34876     0.00000
       38.75972      139.95737     1.10140    -0.10191     1.20331     0.00000
       35.14380      139.96847     0.05890    -0.04429     0.10319     0.00000
       37.66929      139.97266     1.13770    -0.06850     1.20620     0.00000
       35.00279      139.97489     0.02490    -0.06201     0.08691     0.00000
       36.30070      139.98777     0.42510    -0.01727     0.44237     0.00000
       35.94029      139.99272     0.24500    -0.03619     0.28119     0.00000
       42.13085      140.00395     0.07570    -0.07619     0.15189     0.00000
       40.09970      140.00550     0.46980    -0.12916     0.59896     0.00000
       40.73063      140.01099     0.29450    -0.09006     0.38456     0.00000
       42.68534      140.01178     0.06330    -0.04677     0.11007     0.00000
       35.78647      140.02475     0.20480    -0.02471     0.22951     0.00000
       40.33940      140.02757     0.39170    -0.11725     0.50895     0.00000
       37.12470      140.03541     0.93050    -0.04498     0.97548     0.00000
       36.85423      140.03926     0.80390     0.00227     0.80163     0.00000
       41.46638      140.04065     0.15360    -0.07791     0.23151     0.00000
       39.82581      140.04472     0.63010    -0.09991     0.73001     0.00000
       35.65721      140.04809     0.08790    -0.10489     0.19279     0.00000
       39.39870      140.04824     0.85210    -0.10269     0.95479     0.00000
       40.24730      140.04868     0.41410    -0.13161     0.54571     0.00000
       35.44778      140.05133     0.09010    -0.05636     0.14646     0.00000
       39.52756      140.05393     0.78100    -0.10594     0.88694     0.00000
       41.80303      140.07123     0.12890    -0.05653     0.18543     0.00000
       37.56695      140.07268     1.18980    -0.05990     1.24970     0.00000
       38.19754      140.07757     1.34820    -0.06935     1.41755     0.00000
       36.36491      140.07795     0.49210     0.00086     0.49124     0.00000
       35.11186      140.07927     0.04740    -0.04712     0.09452     0.00000
       36.10364      140.08631     0.32090    -0.02999     0.35089     0.00000
       36.10558      140.08712     0.33090    -0.02095     0.35185     0.00000
       36.10611      140.08719     0.32680    -0.02529     0.35209     0.00000
       36.10568      140.08750     0.31960    -0.03230     0.35190     0.00000
       37.96361      140.09353     1.35380    -0.05409     1.40789     0.00000
       38.43434      140.09463     1.33220    -0.08193     1.41413     0.00000
       42.00807      140.10732     0.08900    -0.07341     0.16241     0.00000
       39.93605      140.13238     0.58460    -0.11111     0.69571     0.00000
       37.42451      140.13588     1.17980    -0.05191     1.23171     0.00000
       35.87365      140.14549     0.22660    -0.02870     0.25530     0.00000
       35.33314      140.14679     0.06830    -0.05345     0.12175     0.00000
       36.69246      140.15769     0.73870     0.00077     0.73793     0.00000
       39.16421      140.16198     1.04330    -0.10771     1.15101     0.00000
       36.95231      140.16476     0.95220     0.01400     0.93820     0.00000
       36.26327      140.17426     0.43500    -0.00703     0.44203     0.00000
       36.54222      140.17931     0.66400     0.03155     0.63245     0.00000
       38.93810      140.18347     1.20210    -0.09741     1.29951     0.00000
       35.54414      140.18656     0.07180    -0.08761     0.15941     0.00000
       38.28898      140.19992     1.46480    -0.08324     1.54804     0.00000
       36.03134      140.20244     0.29210    -0.02697     0.31907     0.00000
       37.61595      140.20565     1.35670    -0.04502     1.40172     0.00000
       37.29304      140.21275     1.19200    -0.02547     1.21747     0.00000
       38.62841      140.22051     1.41830    -0.06807     1.48637     0.00000
       42.78643      140.23320     0.05370    -0.04740     0.10110     0.00000
       39.65831      140.23421     0.75280    -0.12324     0.87604     0.00000
       35.28838      140.24916     0.08650    -0.02277     0.10927     0.00000
       42.24368      140.25048     0.07540    -0.06296     0.13836     0.00000
       37.12629      140.25993     1.14010     0.00322     1.13688     0.00000
       40.27116      140.26366     0.43130    -0.12888     0.56018     0.00000
       35.16590      140.26802     0.05230    -0.03935     0.09165     0.00000
       38.14810      140.27114     1.58230    -0.05503     1.63733     0.00000
       40.77898      140.27298     0.26580    -0.11397     0.37977     0.00000
       39.29674      140.27893     1.03800    -0.09728     1.13528     0.00000
       36.65057      140.29342     0.80410     0.04549     0.75861     0.00000
       41.12172      140.29353     0.19160    -0.10244     0.29404     0.00000
       40.57518      140.29499     0.32590    -0.11895     0.44485     0.00000
       36.77896      140.29649     0.91260     0.04006     0.87254     0.00000
       35.71745      140.31515     0.15570    -0.04029     0.19599     0.00000
       41.59903      140.31589     0.11870    -0.09029     0.20899     0.00000
       35.53012      140.31824     0.10070    -0.04768     0.14838     0.00000
       38.75860      140.31874     1.47680    -0.04979     1.52659     0.00000
       37.36182      140.32439     1.34110    -0.02972     1.37082     0.00000
       35.42113      140.33737     0.09540    -0.03020     0.12560     0.00000
       36.09694      140.34315     0.33800    -0.01399     0.35199     0.00000
       42.49436      140.35420     0.05470    -0.06268     0.11738     0.00000
       38.49677      140.36515     1.68320    -0.02296     1.70616     0.00000
       38.33103      140.36609     1.76450     0.01180     1.75270     0.00000
       41.93485      140.37123     0.09460    -0.07129     0.16589     0.00000
       37.62073      140.37290     1.56900    -0.02687     1.59587     0.00000
       37.02358      140.37627     1.18500     0.04006     1.14494     0.00000
       35.24324      140.38491     0.06000    -0.03481     0.09481     0.00000
       36.47585      140.38569     0.71780     0.08432     0.63348     0.00000
       39.54929      140.38662     0.89250    -0.11422     1.00672     0.00000
       38.17044      140.39388     1.81290     0.00778     1.80512     0.00000
       40.00688      140.40199     0.58170    -0.12913     0.71083     0.00000
       35.97041      140.40295     0.26670    -0.01830     0.28500     0.00000
       35.80333      140.40701     0.18500    -0.03210     0.21710     0.00000
       40.18332      140.40815     0.47900    -0.13845     0.61745     0.00000
       36.86209      140.41327     1.09000     0.07018     1.01982     0.00000
       37.98993      140.44257     1.81930    -0.03491     1.85421     0.00000
       37.83350      140.44679     1.76380    -0.04316     1.80696     0.00000
       39.05438      140.44733     1.34370    -0.09929     1.44299     0.00000
       35.64235      140.44830     0.11080    -0.05457     0.16537     0.00000
       37.21056      140.45097     1.38970     0.00864     1.38106     0.00000
       40.91018      140.45157     0.22700    -0.11852     0.34552     0.00000
       37.44487      140.46403     1.53500    -0.05588     1.59088     0.00000
       37.68331      140.46649     1.73860    -0.01970     1.75830     0.00000
       36.34437      140.47633     0.58300     0.05092     0.53208     0.00000
       40.62435      140.47853     0.30010    -0.13469     0.43479     0.00000
       41.18508      140.49077     0.17360    -0.10558     0.27918     0.00000
       38.75216      140.49726     1.66870    -0.06860     1.73730     0.00000
       36.74303      140.49760     1.06550     0.11800     0.94750     0.00000
       39.19910      140.50669     1.25420    -0.11160     1.36580     0.00000
       41.71133      140.53503     0.11260    -0.07679     0.18939     0.00000
       39.92139      140.53586     0.67530    -0.11455     0.78985     0.00000
       42.98525      140.54394     0.02760    -0.05851     0.08611     0.00000
       36.18131      140.54448     0.43860     0.03627     0.40233     0.00000
       39.32700      140.55978     1.17310    -0.11156     1.28466     0.00000
       37.08930      140.56164     1.41830     0.04071     1.37759     0.00000
       42.09861      140.56886     0.06010    -0.08511     0.14521     0.00000
       37.59109      140.57165     1.83020    -0.02193     1.85213     0.00000
       40.32505      140.57735     0.42890    -0.13520     0.56410     0.00000
       40.52365      140.57815     0.35110    -0.12506     0.47616     0.00000
       40.70628      140.58922     0.28080    -0.12780     0.40860     0.00000
       39.50814      140.59609     1.02700    -0.10916     1.13616     0.00000
       39.74916      140.59704     0.80280    -0.12785     0.93065     0.00000
       42.80272      140.60352     0.03880    -0.05541     0.09421     0.00000
       36.53993      140.61184     0.91170     0.15278     0.75892     0.00000
       39.05190      140.62959     1.53080    -0.08942     1.62022     0.00000
       41.04322      140.63589     0.20280    -0.10708     0.30988     0.00000
       37.98441      140.64564     2.19780    -0.00573     2.20353     0.00000
       35.77730      140.64682     0.13160    -0.05403     0.18563     0.00000
       35.95545      140.65924     0.22650    -0.02859     0.25509     0.00000
       37.32547      140.66211     1.72120    -0.02414     1.74534     0.00000
       42.12314      140.66687     0.06890    -0.07178     0.14068     0.00000
       36.93262      140.69015     1.42520     0.11080     1.31440     0.00000
       39.14620      140.71505     1.52940    -0.07124     1.60064     0.00000
       41.97669      140.71544     0.08690    -0.06689     0.15379     0.00000
       37.18309      140.71600     1.64420    -0.01266     1.65686     0.00000
       37.82460      140.72766     2.27110    -0.02308     2.29418     0.00000
       38.57181      140.72772     2.17790    -0.05525     2.23315     0.00000
       39.70268      140.73285     0.90160    -0.11281     1.01441     0.00000
       41.82607      140.74783     0.09700    -0.07267     0.16967     0.00000
       36.80031      140.75391     1.34540     0.16990     1.17550     0.00000
       38.25775      140.75470     2.44430    -0.00766     2.45196     0.00000
       37.56055      140.75507     2.07110    -0.06225     2.13335     0.00000
       42.55138      140.76762     0.06380    -0.04181     0.10561     0.00000
       39.35130      140.76918     1.30020    -0.10185     1.40205     0.00000
       40.21544      140.78733     0.50210    -0.13751     0.63961     0.00000
       38.74894      140.80164     2.17120    -0.02363     2.19483     0.00000
       40.64357      140.80335     0.32970    -0.10321     0.43291     0.00000
       42.04297      140.80554     0.07830    -0.06645     0.14475     0.00000
       37.33670      140.80845     1.91180    -0.06139     1.97319     0.00000
       40.83441      140.81054     0.23120    -0.13481     0.36601     0.00000
       41.14555      140.82199     0.18240    -0.09899     0.28139     0.00000
       42.64629      140.82568     0.05410    -0.04453     0.09863     0.00000
       38.93403      140.83319     1.95570    -0.05580     2.01150     0.00000
       39.55446      140.83632     1.09270    -0.11404     1.20674     0.00000
       35.72636      140.83723     0.09030    -0.05673     0.14703     0.00000
       37.01845      140.84165     1.64550     0.07072     1.57478     0.00000
       38.02966      140.84399     2.63700    -0.01971     2.65671     0.00000
       38.54622      140.84787     2.46950    -0.02958     2.49908     0.00000
       38.41176      140.85137     2.61420     0.00221     2.61199     0.00000
       42.47390      140.87637     0.04300    -0.06521     0.10821     0.00000
       41.45530      140.88051     0.13160    -0.08668     0.21828     0.00000
       42.85789      140.88334     0.02570    -0.06053     0.08623     0.00000
       42.55793      140.89880     0.04820    -0.05413     0.10233     0.00000
       37.09071      140.90251     1.82840     0.07853     1.74987     0.00000
       37.80067      140.90808     2.65110    -0.03713     2.68823     0.00000
       41.74059      140.92933     0.09730    -0.07744     0.17474     0.00000
       40.44763      140.94159     0.37070    -0.14902     0.51972     0.00000
       42.37421      140.94241     0.05980    -0.05368     0.11348     0.00000
       38.17712      140.94369     2.96130     0.01841     2.94289     0.00000
       38.31749      140.95418     3.01190     0.07889     2.93301     0.00000
       39.70109      140.96450     0.99960    -0.09626     1.09586     0.00000
       41.19966      140.98381     0.16030    -0.10359     0.26389     0.00000
       39.12701      140.98846     1.88260    -0.04246     1.92506     0.00000
       40.92116      140.99023     0.21290    -0.12210     0.33500     0.00000
       38.68613      141.00433     2.71250     0.02463     2.68787     0.00000
       40.10675      141.04646     0.58540    -0.14948     0.73488     0.00000
       39.95308      141.06633     0.70620    -0.15924     0.86544     0.00000
       42.66788      141.07496     0.04340    -0.04859     0.09199     0.00000
       40.29108      141.07647     0.47570    -0.13371     0.60941     0.00000
       42.42055      141.08106     0.05400    -0.05273     0.10673     0.00000
       41.46616      141.09447     0.12480    -0.08371     0.20851     0.00000
       40.57998      141.10602     0.31900    -0.13727     0.45627     0.00000
       40.86236      141.13181     0.22630    -0.12155     0.34785     0.00000
       41.83400      141.14218     0.07420    -0.08191     0.15611     0.00000
       38.53948      141.14754     3.38980     0.09027     3.29953     0.00000
       38.99546      141.14852     2.39660    -0.01294     2.40954     0.00000
       38.66063      141.16072     3.22180     0.08837     3.13343     0.00000
       39.85125      141.16486     0.87870    -0.10569     0.98439     0.00000
       39.59657      141.17210     1.24060    -0.06904     1.30964     0.00000
       40.62507      141.19783     0.29280    -0.14086     0.43366     0.00000
       39.11062      141.20392     2.33740     0.09316     2.24424     0.00000
       38.42506      141.21291     3.75110     0.07022     3.68088     0.00000
       41.30077      141.21328     0.13210    -0.10084     0.23294     0.00000
       39.98057      141.22506     0.72410    -0.13640     0.86050     0.00000
       38.90193      141.28319     2.97270     0.07184     2.90086     0.00000
       42.97138      141.29033     0.01420    -0.05896     0.07316     0.00000
       39.46469      141.29300     1.52680    -0.06562     1.59242     0.00000
       40.29115      141.29369     0.47360    -0.13763     0.61123     0.00000
       38.50984      141.30440     3.97350     0.08159     3.89191     0.00000
       39.23537      141.31167     2.09230    -0.00405     2.09635     0.00000
       38.74322      141.31786     3.44400     0.03467     3.40933     0.00000
       40.50876      141.33199     0.35090    -0.13158     0.48248     0.00000
       42.54980      141.36148     0.05620    -0.03528     0.09148     0.00000
       40.96824      141.36796     0.18800    -0.11514     0.30314     0.00000
       40.67640      141.37621     0.27200    -0.13109     0.40309     0.00000
       41.16093      141.38569     0.13330    -0.11974     0.25304     0.00000
       39.01211      141.40085     2.86310     0.02095     2.84215     0.00000
       42.77319      141.40709     0.05410    -0.02501     0.07911     0.00000
       39.63937      141.42613     1.26470    -0.07911     1.34381     0.00000
       41.40471      141.44759     0.13300    -0.06871     0.20171     0.00000
       38.68270      141.44937     4.03200     0.01777     4.01423     0.00000
       39.84902      141.45259     0.93050    -0.10576     1.03626     0.00000
       40.04860      141.46194     0.68490    -0.12477     0.80967     0.00000
       40.27104      141.48486     0.48190    -0.13834     0.62024     0.00000
       38.30119      141.50069     5.02320    -0.07333     5.09653     0.00000
       40.51536      141.51128     0.32900    -0.13932     0.46832     0.00000
       39.33806      141.53416     2.06290    -0.00548     2.06838     0.00000
       38.90286      141.57259     3.64640     0.00991     3.63649     0.00000
       39.14309      141.57549     2.78940     0.05699     2.73241     0.00000
       42.88443      141.57742     0.01190    -0.05865     0.07055     0.00000
       42.65553      141.60226     0.05150    -0.02829     0.07979     0.00000
       39.97096      141.66218     0.76100    -0.13555     0.89655     0.00000
       39.59612      141.67529     1.46370    -0.05148     1.51518     0.00000
       40.40520      141.71313     0.36980    -0.14289     0.51269     0.00000
       42.98325      141.73067     0.00850    -0.05511     0.06361     0.00000
       39.02378      141.73985     3.59480     0.03942     3.55538     0.00000
       40.13345      141.78910     0.57980    -0.13470     0.71450     0.00000
       39.25352      141.79804     2.69510     0.05024     2.64486     0.00000
       39.84918      141.80385     0.94840    -0.11546     1.06386     0.00000
       42.72944      141.86398     0.06980    -0.00010     0.06990     0.00000
       39.57239      141.93996     1.60360    -0.05545     1.65905     0.00000
       39.86937      141.95054     0.89060    -0.13770     1.02830     0.00000
       39.45816      141.95526     1.97280    -0.04527     2.01807     0.00000
       39.73896      141.97022     1.15970    -0.10487     1.26457     0.00000
       42.48128      142.06022     0.01170    -0.06326     0.07496     0.00000
       42.93377      142.08460     0.01730    -0.04025     0.05755     0.00000
       42.72724      142.29581     0.00460    -0.05442     0.05902     0.00000
       42.35690      142.36460     0.03160    -0.03910     0.07070     0.00000
       42.55426      142.39592     0.03960    -0.02252     0.06212     0.00000
       42.98052      142.40197     0.02450    -0.02490     0.04940     0.00000
       42.89063      142.53226     0.01840    -0.03040     0.04880     0.00000
       42.24773      142.56745     0.02390    -0.04436     0.06826     0.00000
       42.27723      142.76795     0.01810    -0.04206     0.06016     0.00000
       42.13094      142.93539     0.02680    -0.03243     0.05923     0.00000
       42.80334      142.95369     0.01350    -0.02787     0.04137     0.00000
       42.69927      143.10326     0.01260    -0.02736     0.03996     0.00000
       42.48641      143.15197    -0.01970    -0.06262     0.04292     0.00000
       42.00586      143.15653     0.01520    -0.03968     0.05488     0.00000
       42.93886      143.17057    -0.00850    -0.04308     0.03458     0.00000
       42.67396      143.31280     0.01140    -0.02423     0.03563     0.00000
       42.12559      143.31570     0.02310    -0.02282     0.04592     0.00000
       42.32159      143.33100     0.02380    -0.01748     0.04128     0.00000
       42.55165      143.46114     0.02290    -0.01115     0.03405     0.00000
       42.80651      143.49497     0.00760    -0.02244     0.03004     0.00000
       42.80034      143.65554     0.01190    -0.01513     0.02703     0.00000
       42.89451      143.92695    -0.00690    -0.02841     0.02151     0.00000
       42.96326      144.43194     0.00750    -0.00611     0.01361     0.00000
       42.98257      144.71915     0.01950     0.00973     0.00977     0.00000
       38.88798      143.36219    14.00000    -0.03648    14.03648     0.00000
       38.63646      143.26334    21.00000     0.45105    20.54895     0.00000
       38.08094      142.91663    22.00000     0.59737    21.40263     0.00000
       38.14886      142.43315    13.00000     0.06391    12.93609     0.00000
       37.16611      142.08090     4.50000     0.46691     4.03309     0.00000
