     lat_deg     lon_deg    depth_km  x_local_km  y_local_km   length_km    width_km  slp_strk_m  slp_ddip_m    slp_am_m  strike_deg     dip_deg    rake_deg sig_stk_MPa sig_ddi_MPa sig_nrm_MPa sig_cmb_MPa
     40.7161    144.4375      2.4197     10.0008     10.0000     20.0015     20.0000      0.0000      0.0000      0.0000    193.0347     14.0000      0.0000     -0.0036      0.0214     -0.0053      0.0195
     40.7564    144.2135      7.2577     10.0008     30.0000     20.0015     20.0000      0.0000      0.0000      0.0000    193.0347     14.0000      0.0000     -0.0037      0.0208     -0.0050      0.0191
     40.7964    143.9892     12.0961     10.0008     50.0000     20.0015     20.0000      0.0000      0.0000      0.0000    193.0347     14.0000      0.0000     -0.0054      0.0197     -0.0042      0.0187
     40.8359    143.7647     16.9345     10.0008     70.0000     20.0015     20.0000      0.0000      0.0000      0.0000    193.0347     14.0000      0.0000     -0.0085      0.0186     -0.0029      0.0189
     40.8751    143.5399     21.7730     10.0008     90.0000     20.0015     20.0000      0.0000      0.0000      0.0000    193.0347     14.0000      0.0000     -0.0127      0.0179     -0.0015      0.0197
     40.9138    143.3149     26.6114     10.0008    110.0000     20.0015     20.0000      0.0000      0.0000      0.0000    193.0347     14.0000      0.0000     -0.0172      0.0179     -0.0000      0.0213
     40.9521    143.0896     31.4498     10.0008    130.0000     20.0015     20.0000      0.0000      0.0000      0.0000    193.0347     14.0000      0.0000     -0.0214      0.0184      0.0013      0.0234
     40.9899    142.8641     36.2883     10.0008    150.0000     20.0015     20.0000      0.0000      0.0000      0.0000    193.0347     14.0000      0.0000     -0.0248      0.0194      0.0025      0.0256
     41.0274    142.6383     41.1267     10.0008    170.0000     20.0015     20.0000      0.0000      0.0000      0.0000    193.0347     14.0000      0.0000     -0.0272      0.0206      0.0033      0.0277
     41.0644    142.4122     45.9652     10.0008    190.0000     20.0015     20.0000      0.0000      0.0000      0.0000    193.0347     14.0000      0.0000     -0.0286      0.0217      0.0040      0.0294
     40.5411    144.3824      2.4197     30.0023     10.0000     20.0015     20.0000      0.0000      0.0000      0.0000    193.0347     14.0000      0.0000     -0.0042      0.0268     -0.0067      0.0244
     40.5814    144.1590      7.2577     30.0023     30.0000     20.0015     20.0000      0.0000      0.0000      0.0000    193.0347     14.0000      0.0000     -0.0044      0.0261     -0.0062      0.0239
     40.6212    143.9353     12.0961     30.0023     50.0000     20.0015     20.0000      0.0000      0.0000      0.0000    193.0347     14.0000      0.0000     -0.0072      0.0245     -0.0050      0.0236
     40.6607    143.7113     16.9345     30.0023     70.0000     20.0015     20.0000      0.0000      0.0000      0.0000    193.0347     14.0000      0.0000     -0.0123      0.0232     -0.0032      0.0241
     40.6997    143.4871     21.7730     30.0023     90.0000     20.0015     20.0000      0.0000      0.0000      0.0000    193.0347     14.0000      0.0000     -0.0186      0.0227     -0.0011      0.0260
     40.7383    143.2626     26.6114     30.0023    110.0000     20.0015     20.0000      0.0000      0.0000      0.0000    193.0347     14.0000      0.0000     -0.0250      0.0232      0.0010      0.0288
     40.7765    143.0378     31.4498     30.0023    130.0000     20.0015     20.0000      0.0000      0.0000      0.0000    193.0347     14.0000      0.0000     -0.0305      0.0245      0.0028      0.0321
     40.8143    142.8129     36.2883     30.0023    150.0000     20.0015     20.0000      0.0000      0.0000      0.0000    193.0347     14.0000      0.0000     -0.0346      0.0262      0.0042      0.0352
     40.8516    142.5876     41.1267     30.0023    170.0000     20.0015     20.0000      0.0000      0.0000      0.0000    193.0347     14.0000      0.0000     -0.0371      0.0279      0.0053      0.0379
     40.8886    142.3621     45.9652     30.0023    190.0000     20.0015     20.0000      0.0000      0.0000      0.0000    193.0347     14.0000      0.0000     -0.0381      0.0294      0.0059      0.0398
     40.3661    144.3276      2.4197     50.0039     10.0000     20.0015     20.0000      0.0000      0.0000      0.0000    193.0347     14.0000      0.0000     -0.0048      0.0345     -0.0087      0.0312
     40.4063    144.1047      7.2577     50.0039     30.0000     20.0015     20.0000      0.0000      0.0000      0.0000    193.0347     14.0000      0.0000     -0.0053      0.0335     -0.0080      0.0306
     40.4461    143.8816     12.0961     50.0039     50.0000     20.0015     20.0000      0.0000      0.0000      0.0000    193.0347     14.0000      0.0000     -0.0103      0.0314     -0.0060      0.0305
     40.4854    143.6581     16.9345     50.0039     70.0000     20.0015     20.0000      0.0000      0.0000      0.0000    193.0347     14.0000      0.0000     -0.0187      0.0300     -0.0032      0.0322
     40.5243    143.4345     21.7730     50.0039     90.0000     20.0015     20.0000      0.0000      0.0000      0.0000    193.0347     14.0000      0.0000     -0.0285      0.0301     -0.0000      0.0359
     40.5628    143.2105     26.6114     50.0039    110.0000     20.0015     20.0000      0.0000      0.0000      0.0000    193.0347     14.0000      0.0000     -0.0376      0.0318      0.0029      0.0408
     40.6009    142.9863     31.4498     50.0039    130.0000     20.0015     20.0000      0.0000      0.0000      0.0000    193.0347     14.0000      0.0000     -0.0447      0.0343      0.0054      0.0459
     40.6386    142.7619     36.2883     50.0039    150.0000     20.0015     20.0000      0.0000      0.0000      0.0000    193.0347     14.0000      0.0000     -0.0492      0.0369      0.0071      0.0502
     40.6759    142.5372     41.1267     50.0039    170.0000     20.0015     20.0000      0.0000      0.0000      0.0000    193.0347     14.0000      0.0000     -0.0511      0.0391      0.0082      0.0532
     40.7127    142.3123     45.9652     50.0039    190.0000     20.0015     20.0000      0.0000      0.0000      0.0000    193.0347     14.0000      0.0000     -0.0510      0.0407      0.0087      0.0549
     40.1911    144.2731      2.4197     70.0054     10.0000     20.0015     20.0000      0.0000      0.0000      0.0000    193.0347     14.0000      0.0000     -0.0051      0.0460     -0.0116      0.0413
     40.2312    144.0508      7.2577     70.0054     30.0000     20.0015     20.0000      0.0000      0.0000      0.0000    193.0347     14.0000      0.0000     -0.0064      0.0445     -0.0106      0.0406
     40.2708    143.8281     12.0961     70.0054     50.0000     20.0015     20.0000      0.0000      0.0000      0.0000    193.0347     14.0000      0.0000     -0.0159      0.0418     -0.0072      0.0415
     40.3101    143.6053     16.9345     70.0054     70.0000     20.0015     20.0000      0.0000      0.0000      0.0000    193.0347     14.0000      0.0000     -0.0306      0.0410     -0.0024      0.0460
     40.3489    143.3821     21.7730     70.0054     90.0000     20.0015     20.0000      0.0000      0.0000      0.0000    193.0347     14.0000      0.0000     -0.0460      0.0429      0.0025      0.0534
     40.3873    143.1587     26.6114     70.0054    110.0000     20.0015     20.0000      0.0000      0.0000      0.0000    193.0347     14.0000      0.0000     -0.0586      0.0467      0.0067      0.0617
     40.4253    142.9351     31.4498     70.0054    130.0000     20.0015     20.0000      0.0000      0.0000      0.0000    193.0347     14.0000      0.0000     -0.0668      0.0509      0.0098      0.0689
     40.4629    142.7112     36.2883     70.0054    150.0000     20.0015     20.0000      0.0000      0.0000      0.0000    193.0347     14.0000      0.0000     -0.0707      0.0544      0.0118      0.0741
     40.5001    142.4871     41.1267     70.0054    170.0000     20.0015     20.0000      0.0000      0.0000      0.0000    193.0347     14.0000      0.0000     -0.0709      0.0568      0.0128      0.0768
     40.5368    142.2627     45.9652     70.0054    190.0000     20.0015     20.0000      0.0000      0.0000      0.0000    193.0347     14.0000      0.0000     -0.0684      0.0577      0.0130      0.0772
     40.0161    144.2189      2.4197     90.0070     10.0000     20.0015     20.0000      0.0000      0.0000      0.0000    193.0347     14.0000      0.0000     -0.0040      0.0648     -0.0166      0.0574
     40.0561    143.9971      7.2577     90.0070     30.0000     20.0015     20.0000      0.0000      0.0000      0.0000    193.0347     14.0000      0.0000     -0.0080      0.0626     -0.0146      0.0569
     40.0956    143.7750     12.0961     90.0070     50.0000     20.0015     20.0000      0.0000      0.0000      0.0000    193.0347     14.0000      0.0000     -0.0281      0.0601     -0.0081      0.0618
     40.1348    143.5526     16.9345     90.0070     70.0000     20.0015     20.0000      0.0000      0.0000      0.0000    193.0347     14.0000      0.0000     -0.0546      0.0622      0.0003      0.0733
     40.1735    143.3300     21.7730     90.0070     90.0000     20.0015     20.0000      0.0000      0.0000      0.0000    193.0347     14.0000      0.0000     -0.0781      0.0680      0.0081      0.0875
     40.2118    143.1072     26.6114     90.0070    110.0000     20.0015     20.0000      0.0000      0.0000      0.0000    193.0347     14.0000      0.0000     -0.0939      0.0749      0.0139      0.1002
     40.2497    142.8841     31.4498     90.0070    130.0000     20.0015     20.0000      0.0000      0.0000      0.0000    193.0347     14.0000      0.0000     -0.1016      0.0805      0.0177      0.1090
     40.2872    142.6608     36.2883     90.0070    150.0000     20.0015     20.0000      0.0000      0.0000      0.0000    193.0347     14.0000      0.0000     -0.1025      0.0839      0.0195      0.1132
     40.3243    142.4372     41.1267     90.0070    170.0000     20.0015     20.0000      0.0000      0.0000      0.0000    193.0347     14.0000      0.0000     -0.0986      0.0848      0.0199      0.1134
     40.3609    142.2134     45.9652     90.0070    190.0000     20.0015     20.0000      0.0000      0.0000      0.0000    193.0347     14.0000      0.0000     -0.0916      0.0836      0.0192      0.1103
     39.8410    144.1650      2.4197    110.0085     10.0000     20.0015     20.0000      0.0000      0.0000      0.0000    193.0347     14.0000      0.0000      0.0023      0.1009     -0.0267      0.0870
     39.8809    143.9437      7.2577    110.0085     30.0000     20.0015     20.0000      0.0000      0.0000      0.0000    193.0347     14.0000      0.0000     -0.0141      0.1007     -0.0218      0.0925
     39.9204    143.7221     12.0961    110.0085     50.0000     20.0015     20.0000      0.0000      0.0000      0.0000    193.0347     14.0000      0.0000     -0.0609      0.1051     -0.0078      0.1133
     39.9594    143.5003     16.9345    110.0085     70.0000     20.0015     20.0000      0.0000      0.0000      0.0000    193.0347     14.0000      0.0000     -0.1065      0.1144      0.0071      0.1388
     39.9981    143.2782     21.7730    110.0085     90.0000     20.0015     20.0000      0.0000      0.0000      0.0000    193.0347     14.0000      0.0000     -0.1382      0.1247      0.0191      0.1610
     40.0363    143.0559     26.6114    110.0085    110.0000     20.0015     20.0000      0.0000      0.0000      0.0000    193.0347     14.0000      0.0000     -0.1535      0.1324      0.0268      0.1751
     40.0741    142.8334     31.4498    110.0085    130.0000     20.0015     20.0000      0.0000      0.0000      0.0000    193.0347     14.0000      0.0000     -0.1554      0.1356      0.0307      0.1803
     40.1115    142.6106     36.2883    110.0085    150.0000     20.0015     20.0000      0.0000      0.0000      0.0000    193.0347     14.0000      0.0000     -0.1484      0.1345      0.0317      0.1779
     40.1485    142.3875     41.1267    110.0085    170.0000     20.0015     20.0000      0.0000      0.0000      0.0000    193.0347     14.0000      0.0000     -0.1362      0.1298      0.0306      0.1701
     40.1850    142.1643     45.9652    110.0085    190.0000     20.0015     20.0000      0.0000      0.0000      0.0000    193.0347     14.0000      0.0000     -0.1216      0.1227      0.0283      0.1589
     39.6659    144.1113      2.4197    130.0101     10.0000     20.0015     20.0000      0.0000      0.0000      0.0000    193.0347     14.0000      0.0000      0.0295      0.2382     -0.0687      0.1973
     39.7057    143.8905      7.2577    130.0101     30.0000     20.0015     20.0000      0.0000      0.0000      0.0000    193.0347     14.0000      0.0000     -0.0833      0.3225     -0.0646      0.3072
     39.7451    143.6695     12.0961    130.0101     50.0000     20.0015     20.0000      0.0000      0.0000      0.0000    193.0347     14.0000      0.0000     -0.1729      0.3097     -0.0336      0.3279
     39.7840    143.4482     16.9345    130.0101     70.0000     20.0015     20.0000      0.0000      0.0000      0.0000    193.0347     14.0000      0.0000     -0.2223      0.2809      0.0040      0.3264
     39.8226    143.2267     21.7730    130.0101     90.0000     20.0015     20.0000      0.0000      0.0000      0.0000    193.0347     14.0000      0.0000     -0.2490      0.2687      0.0299      0.3311
     39.8607    143.0049     26.6114    130.0101    110.0000     20.0015     20.0000      0.0000      0.0000      0.0000    193.0347     14.0000      0.0000     -0.2504      0.2561      0.0435      0.3246
     39.8984    142.7829     31.4498    130.0101    130.0000     20.0015     20.0000      0.0000      0.0000      0.0000    193.0347     14.0000      0.0000     -0.2350      0.2397      0.0494      0.3074
     39.9357    142.5606     36.2883    130.0101    150.0000     20.0015     20.0000      0.0000      0.0000      0.0000    193.0347     14.0000      0.0000     -0.2115      0.2211      0.0493      0.2839
     39.9726    142.3381     41.1267    130.0101    170.0000     20.0015     20.0000      0.0000      0.0000      0.0000    193.0347     14.0000      0.0000     -0.1850      0.2013      0.0458      0.2571
     40.0091    142.1154     45.9652    130.0101    190.0000     20.0015     20.0000      0.0000      0.0000      0.0000    193.0347     14.0000      0.0000     -0.1586      0.1812      0.0407      0.2293
     39.4908    144.0579      2.4197    150.0116     10.0000     20.0015     20.0000      0.2167     -0.7770      0.8067    193.0347     14.0000     74.4193      0.3993      0.2956     -0.0588      0.1713
     39.5305    143.8376      7.2577    150.0116     30.0000     20.0015     20.0000      0.1868     -0.5596      0.5900    193.0347     14.0000     71.5395     -0.0240      0.7082     -0.1492      0.6348
     39.5698    143.6171     12.0961    150.0116     50.0000     20.0015     20.0000      0.0886     -0.2435      0.2591    193.0347     14.0000     70.0000     -0.3972      0.9498     -0.1914      0.9396
     39.6086    143.3964     16.9345    150.0116     70.0000     20.0015     20.0000      0.0000      0.0000      0.0000    193.0347     14.0000      0.0000     -0.5678      1.0275     -0.0992      1.0916
     39.6471    143.1754     21.7730    150.0116     90.0000     20.0015     20.0000      0.0000      0.0000      0.0000    193.0347     14.0000      0.0000     -0.4922      0.7315     -0.0091      0.8221
     39.6851    142.9541     26.6114    150.0116    110.0000     20.0015     20.0000      0.0000      0.0000      0.0000    193.0347     14.0000      0.0000     -0.4095      0.5458      0.0428      0.6431
     39.7228    142.7327     31.4498    150.0116    130.0000     20.0015     20.0000      0.0000      0.0000      0.0000    193.0347     14.0000      0.0000     -0.3457      0.4385      0.0663      0.5333
     39.7600    142.5109     36.2883    150.0116    150.0000     20.0015     20.0000      0.0000      0.0000      0.0000    193.0347     14.0000      0.0000     -0.2925      0.3685      0.0702      0.4544
     39.7968    142.2890     41.1267    150.0116    170.0000     20.0015     20.0000      0.0000      0.0000      0.0000    193.0347     14.0000      0.0000     -0.2440      0.3132      0.0649      0.3873
     39.8332    142.0668     45.9652    150.0116    190.0000     20.0015     20.0000      0.0000      0.0000      0.0000    193.0347     14.0000      0.0000     -0.2012      0.2669      0.0564      0.3288
     39.3157    144.0048      2.4197    170.0132     10.0000     20.0015     20.0000      0.6572     -3.7923      3.8488    193.0347     14.0000     80.1680      1.0563     -0.0445      0.1297     -0.2366
     39.3553    143.7850      7.2577    170.0132     30.0000     20.0015     20.0000      0.6715     -3.1918      3.2617    193.0347     14.0000     78.1189      0.2351      0.5337     -0.0335      0.4511
     39.3945    143.5650     12.0961    170.0132     50.0000     20.0015     20.0000      0.5821     -2.2283      2.3031    193.0347     14.0000     75.3589     -0.3642      1.0264     -0.3358      0.9486
     39.4332    143.3448     16.9345    170.0132     70.0000     20.0015     20.0000      0.3438     -1.2020      1.2502    193.0347     14.0000     74.0400     -0.6787      1.4452     -0.3087      1.4398
     39.4716    143.1243     21.7730    170.0132     90.0000     20.0015     20.0000      0.0934     -0.3953      0.4062    193.0347     14.0000     76.7006     -0.7875      1.5907     -0.1588      1.6665
     39.5095    142.9036     26.6114    170.0132    110.0000     20.0015     20.0000      0.0000      0.0000      0.0000    193.0347     14.0000      0.0000     -0.6508      1.3643     -0.0210      1.4697
     39.5471    142.6827     31.4498    170.0132    130.0000     20.0015     20.0000      0.0000      0.0000      0.0000    193.0347     14.0000      0.0000     -0.4916      0.8448      0.0578      0.9590
     39.5842    142.4615     36.2883    170.0132    150.0000     20.0015     20.0000      0.0000      0.0000      0.0000    193.0347     14.0000      0.0000     -0.3863      0.6194      0.0842      0.7258
     39.6209    142.2401     41.1267    170.0132    170.0000     20.0015     20.0000      0.0000      0.0000      0.0000    193.0347     14.0000      0.0000     -0.3080      0.4855      0.0832      0.5770
     39.6572    142.0184     45.9652    170.0132    190.0000     20.0015     20.0000      0.0000      0.0000      0.0000    193.0347     14.0000      0.0000     -0.2453      0.3897      0.0727      0.4651
     39.1405    143.9519      2.4197    190.0147     10.0000     20.0015     20.0000      1.3335     -9.8028      9.8931    193.0347     14.0000     82.2537      1.7960     -0.8630      0.5288     -1.0448
     39.1800    143.7327      7.2577    190.0147     30.0000     20.0015     20.0000      1.4240     -8.6481      8.7645    193.0347     14.0000     80.6496      0.5936     -0.3198      0.3573     -0.3060
     39.2191    143.5132     12.0961    190.0147     50.0000     20.0015     20.0000      1.3876     -6.7482      6.8893    193.0347     14.0000     78.3806     -0.1784      0.3145     -0.2750      0.2373
     39.2578    143.2935     16.9345    190.0147     70.0000     20.0015     20.0000      0.9178     -4.4984      4.5911    193.0347     14.0000     78.4679     -0.7190      1.0895     -0.4869      1.0319
     39.2960    143.0735     21.7730    190.0147     90.0000     20.0015     20.0000      0.2869     -2.2723      2.2903    193.0347     14.0000     82.8031     -1.1131      1.8395     -0.4076      1.8847
     39.3339    142.8534     26.6114    190.0147    110.0000     20.0015     20.0000     -0.0762     -0.6771      0.6814    193.0347     14.0000     96.4223     -1.1162      2.1568     -0.1912      2.2805
     39.3713    142.6329     31.4498    190.0147    130.0000     20.0015     20.0000     -0.0141     -0.0388      0.0413    193.0347     14.0000    110.0000     -0.6386      1.7628     -0.0137      1.8574
     39.4084    142.4123     36.2883    190.0147    150.0000     20.0015     20.0000      0.0000      0.0000      0.0000    193.0347     14.0000      0.0000     -0.4633      1.0948      0.0689      1.2000
     39.4450    142.1914     41.1267    190.0147    170.0000     20.0015     20.0000      0.0000      0.0000      0.0000    193.0347     14.0000      0.0000     -0.3599      0.7672      0.0886      0.8653
     39.4812    141.9703     45.9652    190.0147    190.0000     20.0015     20.0000      0.0000      0.0000      0.0000    193.0347     14.0000      0.0000     -0.2846      0.5666      0.0833      0.6505
     38.9654    143.8993      2.4197    210.0163     10.0000     20.0015     20.0000      2.3175    -18.7429     18.8856    193.0347     14.0000     82.9515      2.3889     -2.1587      1.1531     -2.1931
     39.0048    143.6806      7.2577    210.0163     30.0000     20.0015     20.0000      2.3224    -16.8913     17.0502    193.0347     14.0000     82.1713      0.7964     -1.8508      1.0303     -1.5729
     39.0437    143.4616     12.0961    210.0163     50.0000     20.0015     20.0000      2.2648    -13.7656     13.9506    193.0347     14.0000     80.6572     -0.0551     -1.1423      0.0363     -1.0837
     39.0823    143.2424     16.9345    210.0163     70.0000     20.0015     20.0000      1.5675     -9.8999     10.0232    193.0347     14.0000     81.0026     -0.7963     -0.0188     -0.6027     -0.0745
     39.1205    143.0230     21.7730    210.0163     90.0000     20.0015     20.0000      0.6529     -5.7492      5.7862    193.0347     14.0000     83.5208     -1.3509      1.5194     -0.7246      1.5017
     39.1582    142.8033     26.6114    210.0163    110.0000     20.0015     20.0000     -0.0342     -2.4863      2.4865    193.0347     14.0000     90.7882     -1.5222      2.5219     -0.4740      2.6168
     39.1956    142.5834     31.4498    210.0163    130.0000     20.0015     20.0000     -0.2601     -0.7145      0.7604    193.0347     14.0000    110.0000     -1.2596      2.5327     -0.1810      2.6835
     39.2326    142.3633     36.2883    210.0163    150.0000     20.0015     20.0000     -0.0782     -0.2148      0.2286    193.0347     14.0000    110.0000     -0.6173      1.7285     -0.0057      1.8223
     39.2691    142.1429     41.1267    210.0163    170.0000     20.0015     20.0000     -0.0375     -0.1031      0.1097    193.0347     14.0000    110.0000     -0.4294      1.1109      0.0622      1.2051
     39.3052    141.9223     45.9652    210.0163    190.0000     20.0015     20.0000      0.0000      0.0000      0.0000    193.0347     14.0000      0.0000     -0.2938      0.8609      0.0776      0.9367
     38.7902    143.8470      2.4197    230.0178     10.0000     20.0015     20.0000      3.8091    -29.5740     29.8183    193.0347     14.0000     82.6608      2.6752     -3.7874      1.9464     -3.5264
     38.8295    143.6288      7.2577    230.0178     30.0000     20.0015     20.0000      3.3972    -27.1151     27.3271    193.0347     14.0000     82.8587      0.6559     -4.0896      1.8976     -3.3711
     38.8683    143.4103     12.0961    230.0178     50.0000     20.0015     20.0000      2.8040    -22.4381     22.6126    193.0347     14.0000     82.8769     -0.8232     -3.1775      0.2327     -2.8065
     38.9068    143.1916     16.9345    230.0178     70.0000     20.0015     20.0000      2.2199    -16.4287     16.5780    193.0347     14.0000     82.3046     -1.1583     -1.2531     -0.8295     -1.2817
     38.9449    142.9727     21.7730    230.0178     90.0000     20.0015     20.0000      1.3841    -10.2369     10.3301    193.0347     14.0000     82.2998     -1.3153      1.0093     -1.0741      0.8574
     38.9826    142.7535     26.6114    230.0178    110.0000     20.0015     20.0000      0.4530     -5.3088      5.3281    193.0347     14.0000     85.1230     -1.5129      2.4848     -0.8153      2.4421
     39.0198    142.5342     31.4498    230.0178    130.0000     20.0015     20.0000     -0.1913     -2.2517      2.2598    193.0347     14.0000     94.8565     -1.5285      2.8616     -0.4344      2.9645
     39.0567    142.3145     36.2883    230.0178    150.0000     20.0015     20.0000     -0.3243     -0.8911      0.9483    193.0347     14.0000    110.0000     -1.1432      2.2743     -0.1561      2.4151
     39.0932    142.0947     41.1267    230.0178    170.0000     20.0015     20.0000     -0.1589     -0.4366      0.4646    193.0347     14.0000    110.0000     -0.5881      1.4490     -0.0130      1.5407
     39.1292    141.8746     45.9652    230.0178    190.0000     20.0015     20.0000     -0.0614     -0.1687      0.1796    193.0347     14.0000    110.0000     -0.3643      1.0356      0.0451      1.1099
     38.6149    143.7949      2.4197    250.0194     10.0000     20.0015     20.0000      5.9129    -40.2234     40.6557    193.0347     14.0000     81.6373      2.5964     -5.3373      2.6782     -4.7229
     38.6541    143.5772      7.2577    250.0194     30.0000     20.0015     20.0000      5.4020    -37.4673     37.8547    193.0347     14.0000     81.7957      1.0025     -6.6393      2.7273     -5.5997
     38.6929    143.3592     12.0961    250.0194     50.0000     20.0015     20.0000      4.4343    -31.2429     31.5560    193.0347     14.0000     81.9221     -0.6129     -5.4699      0.0416     -5.1615
     38.7313    143.1410     16.9345    250.0194     70.0000     20.0015     20.0000      3.7786    -22.7868     23.0979    193.0347     14.0000     80.5847     -0.6114     -1.9453     -1.1534     -2.2116
     38.7693    142.9226     21.7730    250.0194     90.0000     20.0015     20.0000      2.7362    -15.0691     15.3155    193.0347     14.0000     79.7085     -0.7209      0.4550     -1.3386      0.0745
     38.8069    142.7040     26.6114    250.0194    110.0000     20.0015     20.0000      1.4831     -8.8336      8.9573    193.0347     14.0000     80.4691     -1.0336      2.0560     -1.1051      1.7978
     38.8441    142.4851     31.4498    250.0194    130.0000     20.0015     20.0000      0.3938     -4.5389      4.5559    193.0347     14.0000     85.0418     -1.2908      2.7205     -0.7079      2.6626
     38.8808    142.2660     36.2883    250.0194    150.0000     20.0015     20.0000     -0.2435     -2.0987      2.1127    193.0347     14.0000     96.6171     -1.2872      2.5120     -0.3589      2.5987
     38.9172    142.0467     41.1267    250.0194    170.0000     20.0015     20.0000     -0.3438     -0.9445      1.0051    193.0347     14.0000    110.0000     -0.9210      1.8607     -0.1351      1.9696
     38.9532    141.8272     45.9652    250.0194    190.0000     20.0015     20.0000     -0.1624     -0.4461      0.4748    193.0347     14.0000    110.0000     -0.4667      1.1727     -0.0161      1.2425
     38.4397    143.7430      2.4197    270.0209     10.0000     20.0015     20.0000      8.2384    -48.2941     48.9917    193.0347     14.0000     80.3192      2.1615     -6.3002      3.0561     -5.4074
     38.4788    143.5258      7.2577    270.0209     30.0000     20.0015     20.0000      8.2467    -45.1294     45.8767    193.0347     14.0000     79.6444      2.1184     -7.9524      3.1940     -6.9493
     38.5175    143.3084     12.0961    270.0209     50.0000     20.0015     20.0000      7.9509    -38.1024     38.9231    193.0347     14.0000     78.2132      2.3782     -6.7386      0.3488     -6.9670
     38.5558    143.0907     16.9345    270.0209     70.0000     20.0015     20.0000      6.2356    -28.6512     29.3219    193.0347     14.0000     77.7217      1.1665     -3.0355     -1.0062     -3.6259
     38.5937    142.8728     21.7730    270.0209     90.0000     20.0015     20.0000      4.4523    -19.9369     20.4279    193.0347     14.0000     77.4113      0.2813     -0.4988     -1.3284     -1.0818
     38.6312    142.6547     26.6114    270.0209    110.0000     20.0015     20.0000      2.8411    -12.7032     13.0171    193.0347     14.0000     77.3931     -0.2042      1.2078     -1.2287      0.7307
     38.6683    142.4363     31.4498    270.0209    130.0000     20.0015     20.0000      1.3591     -7.3006      7.4260    193.0347     14.0000     79.4543     -0.6395      2.1405     -0.9109      1.8661
     38.7050    142.2177     36.2883    270.0209    150.0000     20.0015     20.0000      0.2274     -3.7128      3.7197    193.0347     14.0000     86.4953     -0.9647      2.3782     -0.5582      2.3139
     38.7412    141.9989     41.1267    270.0209    170.0000     20.0015     20.0000     -0.2908     -1.6424      1.6679    193.0347     14.0000    100.0408     -0.9307      2.1164     -0.2771      2.1638
     38.7771    141.7799     45.9652    270.0209    190.0000     20.0015     20.0000     -0.2621     -0.7201      0.7663    193.0347     14.0000    110.0000     -0.5793      1.3696     -0.0949      1.4287
     38.2644    143.6914      2.4192    290.0225     10.0000     20.0015     20.0000     10.1494    -52.5334     53.5049    193.0347     14.0000     79.0653      1.4215     -6.4435      2.9847     -5.4036
     38.3034    143.4747      7.2577    290.0225     30.0000     20.0015     20.0000      9.9098    -49.2072     50.1951    193.0347     14.0000     78.6136      2.0328     -8.1117      3.2949     -7.0440
     38.3420    143.2578     12.0961    290.0225     50.0000     20.0015     20.0000      9.0945    -42.4002     43.3646    193.0347     14.0000     77.8939      2.1589     -7.2899      1.0665     -7.1653
     38.3802    143.0406     16.9345    290.0225     70.0000     20.0015     20.0000      7.4822    -33.3013     34.1315    193.0347     14.0000     77.3370      1.6255     -4.4216     -0.4341     -4.8518
     38.4181    142.8232     21.7730    290.0225     90.0000     20.0015     20.0000      5.7924    -24.2317     24.9144    193.0347     14.0000     76.5561      1.2172     -1.8305     -1.0238     -2.4726
     38.4555    142.6056     26.6114    290.0225    110.0000     20.0015     20.0000      4.0604    -16.3663     16.8624    193.0347     14.0000     76.0666      0.7956      0.0063     -1.1369     -0.6333
     38.4925    142.3877     31.4498    290.0225    130.0000     20.0015     20.0000      2.2742    -10.0921     10.3452    193.0347     14.0000     77.3011      0.1499      1.1810     -0.9851      0.7199
     38.5291    142.1697     36.2883    290.0225    150.0000     20.0015     20.0000      0.7600     -5.4132      5.4663    193.0347     14.0000     82.0082     -0.4973      1.9298     -0.7037      1.7111
     38.5653    141.9514     41.1267    290.0225    170.0000     20.0015     20.0000     -0.1081     -2.3434      2.3459    193.0347     14.0000     92.6403     -0.7677      2.2148     -0.4058      2.1702
     38.6011    141.7329     45.9652    290.0225    190.0000     20.0015     20.0000     -0.3113     -0.8552      0.9100    193.0347     14.0000    110.0000     -0.6315      1.6846     -0.1726      1.7161
     38.0891    143.6401      2.4197    310.0240     10.0000     20.0015     20.0000     11.3339    -52.8557     54.0572    193.0347     14.0000     77.8973      0.5223     -5.9506      2.6030     -4.8681
     38.1280    143.4239      7.2577    310.0240     30.0000     20.0015     20.0000     10.6951    -50.0066     51.1375    193.0347     14.0000     77.9278      1.4802     -7.9383      3.1565     -6.8025
     38.1666    143.2074     12.0961    310.0240     50.0000     20.0015     20.0000      9.3458    -44.1636     45.1416    193.0347     14.0000     78.0515      1.5464     -7.9177      1.3386     -7.5250
     38.2047    142.9908     16.9345    310.0240     70.0000     20.0015     20.0000      7.7333    -35.7381     36.5652    193.0347     14.0000     77.7901      1.4580     -5.4824     -0.0027     -5.6722
     38.2424    142.7739     21.7730    310.0240     90.0000     20.0015     20.0000      6.1662    -26.9479     27.6444    193.0347     14.0000     77.1114      1.5659     -3.0698     -0.6309     -3.6018
     38.2797    142.5567     26.6114    310.0240    110.0000     20.0015     20.0000      4.3874    -18.9368     19.4384    193.0347     14.0000     76.9556      1.2202     -1.1832     -0.9208     -1.8024
     38.3166    142.3394     31.4498    310.0240    130.0000     20.0015     20.0000      2.5384    -12.2057     12.4669    193.0347     14.0000     78.2515      0.4897      0.1134     -0.9608     -0.3877
     38.3531    142.1218     36.2883    310.0240    150.0000     20.0015     20.0000      1.0043     -6.6888      6.7638    193.0347     14.0000     81.4609     -0.2097      1.3954     -0.7860      1.0916
     38.3893    141.9041     41.1267    310.0240    170.0000     20.0015     20.0000      0.0795     -2.7639      2.7650    193.0347     14.0000     88.3524     -0.5409      2.2731     -0.4997      2.1367
     38.4250    141.6861     45.9652    310.0240    190.0000     20.0015     20.0000     -0.2677     -0.7354      0.7826    193.0347     14.0000    110.0000     -0.5682      2.1554     -0.2333      2.1351
     37.9138    143.5890      2.4197    330.0256     10.0000     20.0015     20.0000     11.7748    -49.5661     50.9455    193.0347     14.0000     76.6366     -0.3663     -5.0868      2.0738     -4.0332
     37.9526    143.3733      7.2577    330.0256     30.0000     20.0015     20.0000     11.1253    -47.2818     48.5730    193.0347     14.0000     76.7592      1.1439     -7.2153      2.7714     -6.1752
     37.9911    143.1573     12.0961    330.0256     50.0000     20.0015     20.0000      9.7996    -42.4672     43.5832    193.0347     14.0000     77.0061      1.9498     -7.6894      1.3379     -7.3968
     38.0291    142.9412     16.9345    330.0256     70.0000     20.0015     20.0000      7.8008    -35.0296     35.8877    193.0347     14.0000     77.4456      1.7597     -5.6451      0.2050     -5.8174
     38.0667    142.7248     21.7730    330.0256     90.0000     20.0015     20.0000      5.5250    -27.0415     27.6002    193.0347     14.0000     78.4525      1.0178     -3.5468     -0.3973     -3.8451
     38.1040    142.5081     26.6114    330.0256    110.0000     20.0015     20.0000      3.5370    -19.4352     19.7544    193.0347     14.0000     79.6856      0.3957     -1.7152     -0.7851     -2.0742
     38.1408    142.2913     31.4498    330.0256    130.0000     20.0015     20.0000      2.0035    -12.7865     12.9425    193.0347     14.0000     81.0950     -0.0006     -0.3901     -0.9393     -0.7551
     38.1772    142.0742     36.2883    330.0256    150.0000     20.0015     20.0000      0.9339     -7.0115      7.0735    193.0347     14.0000     82.4131     -0.1911      1.1842     -0.8296      0.8644
     38.2132    141.8569     41.1267    330.0256    170.0000     20.0015     20.0000      0.2662     -2.7296      2.7425    193.0347     14.0000     84.4307     -0.2526      2.3910     -0.5524      2.1634
     38.2489    141.6394     45.9652    330.0256    190.0000     20.0015     20.0000     -0.0530     -0.4539      0.4569    193.0347     14.0000     96.6544     -0.2282      2.5707     -0.2678      2.4463
     37.7385    143.5382      2.4192    350.0271     10.0000     20.0015     20.0000     11.4231    -43.3484     44.8283    193.0347     14.0000     75.2371     -1.0856     -4.0545      1.4925     -3.0947
     37.7772    143.3229      7.2577    350.0271     30.0000     20.0015     20.0000     10.8526    -41.3191     42.7206    193.0347     14.0000     75.2835      0.7706     -5.8193      2.1177     -4.9921
     37.8155    143.1075     12.0961    350.0271     50.0000     20.0015     20.0000      9.5680    -37.1280     38.3410    193.0347     14.0000     75.5491      1.9684     -5.9758      1.1760     -5.7992
     37.8535    142.8918     16.9345    350.0271     70.0000     20.0015     20.0000      7.3846    -31.0321     31.8986    193.0347     14.0000     76.6145      1.7131     -4.5417      0.2361     -4.7208
     37.8910    142.6759     21.7730    350.0271     90.0000     20.0015     20.0000      4.8633    -24.2961     24.7781    193.0347     14.0000     78.6808      0.6978     -2.8837     -0.3882     -3.1222
     37.9282    142.4597     26.6114    350.0271    110.0000     20.0015     20.0000      2.8826    -17.6974     17.9307    193.0347     14.0000     80.7488     -0.0302     -1.3572     -0.7920     -1.6299
     37.9649    142.2434     31.4498    350.0271    130.0000     20.0015     20.0000      1.6768    -11.6694     11.7892    193.0347     14.0000     81.8229     -0.1840     -0.0301     -0.9470     -0.3653
     38.0013    142.0268     36.2883    350.0271    150.0000     20.0015     20.0000      0.9750     -6.3744      6.4485    193.0347     14.0000     81.3040     -0.0492      1.3875     -0.8387      1.0255
     38.0372    141.8100     41.1267    350.0271    170.0000     20.0015     20.0000      0.4580     -2.3659      2.4099    193.0347     14.0000     79.0445      0.0111      2.5028     -0.5630      2.2067
     38.0728    141.5931     45.9652    350.0271    190.0000     20.0015     20.0000      0.0780     -0.2142      0.2280    193.0347     14.0000     70.0000     -0.0606      2.7026     -0.2774      2.5319
     37.5631    143.4875      2.4197    370.0287     10.0000     20.0015     20.0000     10.2531    -35.3504     36.8073    193.0347     14.0000     73.8257     -1.5579     -2.9351      0.8967     -2.1346
     37.6018    143.2728      7.2577    370.0287     30.0000     20.0015     20.0000      9.6928    -33.5646     34.9362    193.0347     14.0000     73.8923      0.2540     -4.2223      1.4126     -3.6008
     37.6400    143.0578     12.0961    370.0287     50.0000     20.0015     20.0000      8.4750    -30.0880     31.2588    193.0347     14.0000     74.2688      1.4167     -4.1334      0.8870     -3.9946
     37.6779    142.8426     16.9345    370.0287     70.0000     20.0015     20.0000      6.6296    -25.3472     26.1999    193.0347     14.0000     75.3426      1.4397     -3.1158      0.1581     -3.3017
     37.7153    142.6272     21.7730    370.0287     90.0000     20.0015     20.0000      4.6433    -20.0648     20.5950    193.0347     14.0000     76.9701      0.9401     -1.8786     -0.4085     -2.2089
     37.7524    142.4116     26.6114    370.0287    110.0000     20.0015     20.0000      3.0985    -14.8138     15.1344    193.0347     14.0000     78.1863      0.5521     -0.7080     -0.7607     -1.1211
     37.7890    142.1957     31.4498    370.0287    130.0000     20.0015     20.0000      2.1032     -9.8883     10.1095    193.0347     14.0000     77.9923      0.4593      0.3912     -0.8815     -0.0787
     37.8253    141.9796     36.2883    370.0287    150.0000     20.0015     20.0000      1.3687     -5.4972      5.6650    193.0347     14.0000     76.0187      0.4187      1.4841     -0.7772      1.0354
     37.8612    141.7634     41.1267    370.0287    170.0000     20.0015     20.0000      0.6550     -2.0703      2.1714    193.0347     14.0000     72.4447      0.1956      2.3686     -0.5282      2.0472
     37.8966    141.5469     45.9652    370.0287    190.0000     20.0015     20.0000      0.0676     -0.1857      0.1976    193.0347     14.0000     70.0000     -0.1604      2.4891     -0.2681      2.3511
     37.3877    143.4372      2.4192    390.0302     10.0000     20.0015     20.0000      8.4601    -26.8811     28.1810    193.0347     14.0000     72.5299     -1.7798     -1.8232      0.3573     -1.2173
     37.4263    143.2229      7.2577    390.0302     30.0000     20.0015     20.0000      7.9540    -25.4976     26.7094    193.0347     14.0000     72.6747     -0.2244     -2.7487      0.7894     -2.3058
     37.4644    143.0084     12.0961    390.0302     50.0000     20.0015     20.0000      6.9733    -22.9042     23.9422    193.0347     14.0000     73.0669      0.8117     -2.6004      0.5803     -2.4857
     37.5022    142.7937     16.9345    390.0302     70.0000     20.0015     20.0000      5.7042    -19.4721     20.2904    193.0347     14.0000     73.6725      1.1220     -1.8724      0.1135     -2.0363
     37.5396    142.5788     21.7730    390.0302     90.0000     20.0015     20.0000      4.4924    -15.6829     16.3136    193.0347     14.0000     74.0157      1.1946     -1.0145     -0.2742     -1.3738
     37.5766    142.3636     26.6114    390.0302    110.0000     20.0015     20.0000      3.5533    -11.9729     12.4891    193.0347     14.0000     73.4701      1.2824     -0.3113     -0.5325     -0.8135
     37.6131    142.1482     31.4498    390.0302    130.0000     20.0015     20.0000      2.7351     -8.4717      8.9023    193.0347     14.0000     72.1075      1.2523      0.2449     -0.6556     -0.3148
     37.6493    141.9327     36.2883    390.0302    150.0000     20.0015     20.0000      1.8307     -5.0907      5.4099    193.0347     14.0000     70.2202      0.9283      0.9996     -0.6175      0.5098
     37.6851    141.7169     41.1267    390.0302    170.0000     20.0015     20.0000      0.7914     -2.1743      2.3138    193.0347     14.0000     70.0000      0.2610      1.8126     -0.4470      1.5237
     37.7205    141.5009     45.9652    390.0302    190.0000     20.0015     20.0000      0.1436     -0.3946      0.4199    193.0347     14.0000     70.0000     -0.0851      2.0591     -0.2439      1.9251
     37.2123    143.3870      2.4197    410.0318     10.0000     20.0015     20.0000      6.3921    -18.9993     20.0458    193.0347     14.0000     71.4051     -1.7802     -0.8432     -0.0720     -0.4357
     37.2508    143.1732      7.2577    410.0318     30.0000     20.0015     20.0000      6.0309    -18.1262     19.1031    193.0347     14.0000     71.5967     -0.5588     -1.5175      0.3002     -1.2263
     37.2889    142.9592     12.0961    410.0318     50.0000     20.0015     20.0000      5.3924    -16.4979     17.3568    193.0347     14.0000     71.8999      0.3317     -1.4511      0.3586     -1.3450
     37.3265    142.7450     16.9345    410.0318     70.0000     20.0015     20.0000      4.6619    -14.3301     15.0693    193.0347     14.0000     71.9791      0.7816     -1.0360      0.1549     -1.1272
     37.3638    142.5305     21.7730    410.0318     90.0000     20.0015     20.0000      4.0449    -11.9370     12.6037    193.0347     14.0000     71.2809      1.1530     -0.5248     -0.0157     -0.7844
     37.4007    142.3159     26.6114    410.0318    110.0000     20.0015     20.0000      3.5372     -9.7183     10.3420    193.0347     14.0000     70.0000      1.4975     -0.3156     -0.1677     -0.7217
     37.4372    142.1010     31.4498    410.0318    130.0000     20.0015     20.0000      2.8092     -7.7183      8.2137    193.0347     14.0000     70.0000      1.4117     -0.5361     -0.3202     -0.9773
     37.4733    141.8859     36.2883    410.0318    150.0000     20.0015     20.0000      1.9043     -5.2319      5.5677    193.0347     14.0000     70.0000      1.1192     -0.0018     -0.3879     -0.4167
     37.5090    141.6706     41.1267    410.0318    170.0000     20.0015     20.0000      0.8777     -2.5756      2.7211    193.0347     14.0000     71.1816      0.5369      1.0815     -0.3306      0.7951
     37.5443    141.4551     45.9652    410.0318    190.0000     20.0015     20.0000      0.2378     -0.7987      0.8333    193.0347     14.0000     73.4174      0.1789      1.4722     -0.2091      1.3068
     37.0369    143.3371      2.4197    430.0333     10.0000     20.0015     20.0000      4.3731    -12.3511     13.1024    193.0347     14.0000     70.5028     -1.6278     -0.0759     -0.3624      0.1591
     37.0753    143.1238      7.2577    430.0333     30.0000     20.0015     20.0000      4.2051    -11.9765     12.6933    193.0347     14.0000     70.6534     -0.7565     -0.5687     -0.0389     -0.3931
     37.1133    142.9103     12.0961    430.0333     50.0000     20.0015     20.0000      3.9150    -11.2574     11.9188    193.0347     14.0000     70.8237     -0.0076     -0.6662      0.2403     -0.5501
     37.1509    142.6965     16.9345    430.0333     70.0000     20.0015     20.0000      3.5827    -10.2358     10.8447    193.0347     14.0000     70.7090      0.4639     -0.6301      0.2301     -0.6285
     37.1881    142.4825     21.7730    430.0333     90.0000     20.0015     20.0000      3.2544     -9.0080      9.5779    193.0347     14.0000     70.1363      0.8216     -0.4642      0.2023     -0.5613
     37.2249    142.2684     26.6114    430.0333    110.0000     20.0015     20.0000      2.8608     -7.8601      8.3645    193.0347     14.0000     70.0000      1.0645     -0.4783      0.1348     -0.6585
     37.2613    142.0540     31.4498    430.0333    130.0000     20.0015     20.0000      2.3064     -6.9308      7.3045    193.0347     14.0000     71.5937      1.2251     -1.0935     -0.0219     -1.3567
     37.2973    141.8394     36.2883    430.0333    150.0000     20.0015     20.0000      1.3391     -5.2806      5.4477    193.0347     14.0000     75.7707      0.7663     -0.8503     -0.1697     -1.0729
     37.3329    141.6246     41.1267    430.0333    170.0000     20.0015     20.0000      0.4043     -3.0254      3.0523    193.0347     14.0000     82.3886      0.2202      0.2937     -0.2169      0.1478
     37.3681    141.4096     45.9652    430.0333    190.0000     20.0015     20.0000     -0.1258     -1.3929      1.3986    193.0347     14.0000     95.1620     -0.1488      0.6075     -0.1771      0.5546
     36.8615    143.2874      2.4197    450.0349     10.0000     20.0015     20.0000      2.6251     -7.2123      7.6752    193.0347     14.0000     70.0000     -1.4007      0.4249     -0.5042      0.5368
     36.8998    143.0746      7.2577    450.0349     30.0000     20.0015     20.0000      2.6249     -7.2117      7.6746    193.0347     14.0000     70.0000     -0.8727      0.0891     -0.2401      0.1933
     36.9377    142.8615     12.0961    450.0349     50.0000     20.0015     20.0000      2.6058     -7.1732      7.6318    193.0347     14.0000     70.0356     -0.2687     -0.1481      0.1781     -0.0104
     36.9752    142.6482     16.9345    450.0349     70.0000     20.0015     20.0000      2.5484     -7.0016      7.4510    193.0347     14.0000     70.0000      0.1936     -0.4263      0.2661     -0.3531
     37.0123    142.4347     21.7730    450.0349     90.0000     20.0015     20.0000      2.3948     -6.5798      7.0020    193.0347     14.0000     70.0000      0.5308     -0.5422      0.2720     -0.5419
     37.0490    142.2210     26.6114    450.0349    110.0000     20.0015     20.0000      1.9864     -5.9669      6.2888    193.0347     14.0000     71.5873      0.5853     -0.4660      0.2407     -0.4929
     37.0853    142.0071     31.4498    450.0349    130.0000     20.0015     20.0000      1.1983     -5.4986      5.6276    193.0347     14.0000     77.7057      0.2389     -0.8840      0.1181     -0.8681
     37.1213    141.7930     36.2883    450.0349    150.0000     20.0015     20.0000      0.3633     -4.5763      4.5907    193.0347     14.0000     85.4608     -0.0848     -0.8945     -0.0410     -0.8668
     37.1568    141.5787     41.1267    450.0349    170.0000     20.0015     20.0000     -0.2788     -3.1062      3.1187    193.0347     14.0000     95.1289     -0.3361     -0.2111     -0.1427     -0.1844
     37.1920    141.3642     45.9652    450.0349    190.0000     20.0015     20.0000     -0.6140     -1.9609      2.0548    193.0347     14.0000    107.3873     -0.6404     -0.3382     -0.1591     -0.2440
     36.6860    143.2380      2.4192    470.0364     10.0000     20.0015     20.0000      1.3071     -3.5912      3.8217    193.0347     14.0000     70.0000     -1.1244      0.6514     -0.5049      0.6927
     36.7242    143.0256      7.2577    470.0364     30.0000     20.0015     20.0000      1.3775     -3.7848      4.0277    193.0347     14.0000     70.0000     -0.9286      0.4685     -0.3301      0.5392
     36.7620    142.8130     12.0961    470.0364     50.0000     20.0015     20.0000      1.4866     -4.0843      4.3464    193.0347     14.0000     70.0000     -0.5131      0.2023      0.0928      0.3531
     36.7994    142.6002     16.9345    470.0364     70.0000     20.0015     20.0000      1.5719     -4.3187      4.5958    193.0347     14.0000     70.0000     -0.1159     -0.1528      0.2125     -0.0367
     36.8365    142.3872     21.7730    470.0364     90.0000     20.0015     20.0000      1.5574     -4.2788      4.5534    193.0347     14.0000     70.0000      0.2280     -0.3242      0.2165     -0.2817
     36.8731    142.1740     26.6114    470.0364    110.0000     20.0015     20.0000      1.3093     -3.9315      4.1438    193.0347     14.0000     71.5810      0.3869     -0.1733      0.1954     -0.1802
     36.9093    141.9605     31.4498    470.0364    130.0000     20.0015     20.0000      0.5953     -3.6361      3.6845    193.0347     14.0000     80.7020      0.0013     -0.2418      0.1221     -0.1867
     36.9452    141.7469     36.2883    470.0364    150.0000     20.0015     20.0000     -0.0941     -3.3087      3.3100    193.0347     14.0000     91.6297     -0.3256     -0.4162      0.0007     -0.3289
     36.9807    141.5331     41.1267    470.0364    170.0000     20.0015     20.0000     -0.5008     -2.7725      2.8174    193.0347     14.0000    100.2384     -0.4535     -0.4149     -0.1078     -0.3414
     37.0157    141.3190     45.9652    470.0364    190.0000     20.0015     20.0000     -0.6608     -2.2977      2.3908    193.0347     14.0000    106.0443     -0.6406     -1.1147     -0.1505     -0.9957
     36.5105    143.1888      2.4197    490.0380     10.0000     20.0015     20.0000      0.4903     -1.3470      1.4334    193.0347     14.0000     70.0000     -0.7928      0.6424     -0.4029      0.6477
     36.5486    142.9768      7.2577    490.0380     30.0000     20.0015     20.0000      0.5648     -1.5519      1.6515    193.0347     14.0000     70.0000     -0.8308      0.6194     -0.3379      0.6601
     36.5864    142.7647     12.0961    490.0380     50.0000     20.0015     20.0000      0.6822     -1.8742      1.9945    193.0347     14.0000     70.0000     -0.6118      0.4475     -0.0275      0.5663
     36.6237    142.5524     16.9345    490.0380     70.0000     20.0015     20.0000      0.7838     -2.1535      2.2917    193.0347     14.0000     70.0000     -0.3427      0.2053      0.0867      0.3140
     36.6606    142.3398     21.7730    490.0380     90.0000     20.0015     20.0000      0.8096     -2.2245      2.3672    193.0347     14.0000     70.0000     -0.0959      0.1022      0.1103      0.1658
     36.6972    142.1271     26.6114    490.0380    110.0000     20.0015     20.0000      0.7468     -2.0657      2.1966    193.0347     14.0000     70.1248      0.1573      0.2352      0.1152      0.2383
     36.7334    141.9141     31.4498    490.0380    130.0000     20.0015     20.0000      0.3938     -1.9797      2.0185    193.0347     14.0000     78.7487      0.0807      0.2376      0.0898      0.2483
     36.7691    141.7010     36.2883    490.0380    150.0000     20.0015     20.0000      0.0226     -2.0808      2.0809    193.0347     14.0000     89.3779     -0.0466     -0.0344      0.0150     -0.0166
     36.8045    141.4876     41.1267    490.0380    170.0000     20.0015     20.0000     -0.1403     -2.2190      2.2234    193.0347     14.0000     93.6187     -0.0367     -0.4597     -0.0797     -0.4705
     36.8395    141.2740     45.9652    490.0380    190.0000     20.0015     20.0000     -0.1416     -2.2672      2.2716    193.0347     14.0000     93.5731      0.0057     -1.4889     -0.1319     -1.5023
     36.3350    143.1397      2.4192    510.0395     10.0000     20.0015     20.0000      0.0965     -0.2651      0.2822    193.0347     14.0000     70.0000     -0.4683      0.4709     -0.2486      0.4673
     36.3731    142.9283      7.2577    510.0395     30.0000     20.0015     20.0000      0.1352     -0.3715      0.3953    193.0347     14.0000     70.0000     -0.6322      0.5648     -0.2773      0.5852
     36.4107    142.7166     12.0961    510.0395     50.0000     20.0015     20.0000      0.1978     -0.5434      0.5782    193.0347     14.0000     70.0000     -0.5852      0.5329     -0.1258      0.6039
     36.4479    142.5047     16.9345    510.0395     70.0000     20.0015     20.0000      0.2555     -0.7020      0.7470    193.0347     14.0000     70.0000     -0.4550      0.4454     -0.0428      0.5218
     36.4848    142.2927     21.7730    510.0395     90.0000     20.0015     20.0000      0.2779     -0.7636      0.8126    193.0347     14.0000     70.0000     -0.3063      0.4220      0.0052      0.4836
     36.5213    142.0804     26.6114    510.0395    110.0000     20.0015     20.0000      0.2726     -0.7489      0.7969    193.0347     14.0000     70.0000     -0.1456      0.4753      0.0486      0.5155
     36.5574    141.8679     31.4498    510.0395    130.0000     20.0015     20.0000      0.2571     -0.8226      0.8618    193.0347     14.0000     72.6424      0.0606      0.4618      0.0688      0.4626
     36.5931    141.6552     36.2883    510.0395    150.0000     20.0015     20.0000      0.2305     -1.1373      1.1605    193.0347     14.0000     78.5419      0.2021      0.1660      0.0356      0.1287
     36.6284    141.4423     41.1267    510.0395    170.0000     20.0015     20.0000      0.3017     -1.5683      1.5971    193.0347     14.0000     79.1098      0.3927     -0.3650     -0.0391     -0.4618
     36.6633    141.2293     45.9652    510.0395    190.0000     20.0015     20.0000      0.4174     -1.8537      1.9001    193.0347     14.0000     77.3095      0.6585     -1.3773     -0.0934     -1.5299
     36.1595    143.0910      2.4197    530.0410     10.0000     20.0015     20.0000      0.0000      0.0000      0.0000    193.0347     14.0000      0.0000     -0.1979      0.2362     -0.0991      0.2361
     36.1974    142.8800      7.2577    530.0410     30.0000     20.0015     20.0000      0.0000      0.0000      0.0000    193.0347     14.0000      0.0000     -0.3698      0.3531     -0.1744      0.3595
     36.2350    142.6688     12.0961    530.0410     50.0000     20.0015     20.0000      0.0041     -0.0114      0.0121    193.0347     14.0000     70.0000     -0.4380      0.4230     -0.1569      0.4504
     36.2722    142.4573     16.9345    530.0410     70.0000     20.0015     20.0000      0.0180     -0.0496      0.0527    193.0347     14.0000     70.0000     -0.4099      0.4272     -0.1155      0.4645
     36.3089    142.2457     21.7730    530.0410     90.0000     20.0015     20.0000      0.0265     -0.0727      0.0773    193.0347     14.0000     70.0000     -0.3353      0.4382     -0.0661      0.4776
     36.3453    142.0339     26.6114    530.0410    110.0000     20.0015     20.0000      0.0351     -0.0964      0.1026    193.0347     14.0000     70.0000     -0.2408      0.4671     -0.0041      0.5086
     36.3813    141.8219     31.4498    530.0410    130.0000     20.0015     20.0000      0.0753     -0.2070      0.2203    193.0347     14.0000     70.0000     -0.1095      0.4499      0.0461      0.4815
     36.4170    141.6097     36.2883    530.0410    150.0000     20.0015     20.0000      0.1830     -0.5029      0.5352    193.0347     14.0000     70.0000      0.0897      0.2459      0.0471      0.2372
     36.4522    141.3973     41.1267    530.0410    170.0000     20.0015     20.0000      0.3324     -0.9132      0.9718    193.0347     14.0000     70.0000      0.3095     -0.1680     -0.0016     -0.2359
     36.4870    141.1847     45.9652    530.0410    190.0000     20.0015     20.0000      0.4393     -1.2068      1.2843    193.0347     14.0000     70.0000      0.5610     -0.9279     -0.0490     -1.0524
     35.9840    143.0424      2.4197    550.0426     10.0000     20.0015     20.0000      0.0000      0.0000      0.0000    193.0347     14.0000      0.0000     -0.0690      0.1098     -0.0345      0.1090
     36.0218    142.8318      7.2577    550.0426     30.0000     20.0015     20.0000      0.0000      0.0000      0.0000    193.0347     14.0000      0.0000     -0.1597      0.1454     -0.0733      0.1492
     36.0593    142.6211     12.0961    550.0426     50.0000     20.0015     20.0000      0.0000      0.0000      0.0000    193.0347     14.0000      0.0000     -0.2207      0.1575     -0.1029      0.1633
     36.0964    142.4101     16.9345    550.0426     70.0000     20.0015     20.0000      0.0000      0.0000      0.0000    193.0347     14.0000      0.0000     -0.2295      0.1629     -0.1037      0.1702
     36.1331    142.1990     21.7730    550.0426     90.0000     20.0015     20.0000      0.0000      0.0000      0.0000    193.0347     14.0000      0.0000     -0.1985      0.1695     -0.0800      0.1789
     36.1694    141.9876     26.6114    550.0426    110.0000     20.0015     20.0000      0.0000      0.0000      0.0000    193.0347     14.0000      0.0000     -0.1528      0.1943     -0.0343      0.2107
     36.2053    141.7761     31.4498    550.0426    130.0000     20.0015     20.0000      0.0000      0.0000      0.0000    193.0347     14.0000      0.0000     -0.1289      0.2947      0.0153      0.3227
     36.2408    141.5643     36.2883    550.0426    150.0000     20.0015     20.0000      0.0447     -0.1229      0.1308    193.0347     14.0000     70.0000     -0.0719      0.2633      0.0346      0.2867
     36.2760    141.3524     41.1267    550.0426    170.0000     20.0015     20.0000      0.1214     -0.3334      0.3548    193.0347     14.0000     70.0000      0.0224      0.0817      0.0133      0.0796
     36.3108    141.1403     45.9652    550.0426    190.0000     20.0015     20.0000      0.1789     -0.4914      0.5229    193.0347     14.0000     70.0000      0.1769     -0.2805     -0.0171     -0.3207
     35.8084    142.9940      2.4192    570.0441     10.0000     20.0015     20.0000      0.0000      0.0000      0.0000    193.0347     14.0000      0.0000     -0.0369      0.0678     -0.0199      0.0666
     35.8462    142.7839      7.2577    570.0441     30.0000     20.0015     20.0000      0.0000      0.0000      0.0000    193.0347     14.0000      0.0000     -0.0794      0.0838     -0.0350      0.0859
     35.8836    142.5736     12.0961    570.0441     50.0000     20.0015     20.0000      0.0000      0.0000      0.0000    193.0347     14.0000      0.0000     -0.1169      0.0881     -0.0517      0.0921
     35.9205    142.3632     16.9345    570.0441     70.0000     20.0015     20.0000      0.0000      0.0000      0.0000    193.0347     14.0000      0.0000     -0.1326      0.0831     -0.0616      0.0870
     35.9572    142.1525     21.7730    570.0441     90.0000     20.0015     20.0000      0.0000      0.0000      0.0000    193.0347     14.0000      0.0000     -0.1231      0.0763     -0.0581      0.0795
     35.9934    141.9416     26.6114    570.0441    110.0000     20.0015     20.0000      0.0000      0.0000      0.0000    193.0347     14.0000      0.0000     -0.0960      0.0764     -0.0382      0.0813
     36.0293    141.7305     31.4498    570.0441    130.0000     20.0015     20.0000      0.0000      0.0000      0.0000    193.0347     14.0000      0.0000     -0.0688      0.0988     -0.0083      0.1087
     36.0647    141.5192     36.2883    570.0441    150.0000     20.0015     20.0000      0.0000      0.0000      0.0000    193.0347     14.0000      0.0000     -0.0629      0.1528      0.0114      0.1678
     36.0998    141.3077     41.1267    570.0441    170.0000     20.0015     20.0000      0.0000      0.0000      0.0000    193.0347     14.0000      0.0000     -0.0679      0.2098      0.0089      0.2234
     36.1345    141.0960     45.9652    570.0441    190.0000     20.0015     20.0000      0.0058     -0.0159      0.0169    193.0347     14.0000     70.0000     -0.0291      0.1727     -0.0037      0.1732
     35.6328    142.9459      2.4197    590.0457     10.0000     20.0015     20.0000      0.0000      0.0000      0.0000    193.0347     14.0000      0.0000     -0.0222      0.0464     -0.0131      0.0451
     35.6705    142.7362      7.2577    590.0457     30.0000     20.0015     20.0000      0.0000      0.0000      0.0000    193.0347     14.0000      0.0000     -0.0447      0.0545     -0.0202      0.0553
     35.7078    142.5264     12.0961    590.0457     50.0000     20.0015     20.0000      0.0000      0.0000      0.0000    193.0347     14.0000      0.0000     -0.0660      0.0566     -0.0281      0.0592
     35.7447    142.3164     16.9345    590.0457     70.0000     20.0015     20.0000      0.0000      0.0000      0.0000    193.0347     14.0000      0.0000     -0.0788      0.0532     -0.0344      0.0563
     35.7813    142.1061     21.7730    590.0457     90.0000     20.0015     20.0000      0.0000      0.0000      0.0000    193.0347     14.0000      0.0000     -0.0788      0.0469     -0.0359      0.0496
     35.8174    141.8957     26.6114    590.0457    110.0000     20.0015     20.0000      0.0000      0.0000      0.0000    193.0347     14.0000      0.0000     -0.0662      0.0419     -0.0296      0.0443
     35.8532    141.6851     31.4498    590.0457    130.0000     20.0015     20.0000      0.0000      0.0000      0.0000    193.0347     14.0000      0.0000     -0.0463      0.0433     -0.0165      0.0463
     35.8886    141.4742     36.2883    590.0457    150.0000     20.0015     20.0000      0.0000      0.0000      0.0000    193.0347     14.0000      0.0000     -0.0267      0.0525     -0.0040      0.0556
     35.9236    141.2632     41.1267    590.0457    170.0000     20.0015     20.0000      0.0000      0.0000      0.0000    193.0347     14.0000      0.0000     -0.0109      0.0624      0.0005      0.0634
     35.9582    141.0520     45.9652    590.0457    190.0000     20.0015     20.0000      0.0000      0.0000      0.0000    193.0347     14.0000      0.0000      0.0044      0.0640     -0.0012      0.0607
     35.4572    142.8979      2.4192    610.0472     10.0000     20.0015     20.0000      0.0000      0.0000      0.0000    193.0347     14.0000      0.0000     -0.0142      0.0338     -0.0093      0.0324
     35.4948    142.6888      7.2577    610.0472     30.0000     20.0015     20.0000      0.0000      0.0000      0.0000    193.0347     14.0000      0.0000     -0.0273      0.0381     -0.0130      0.0382
     35.5320    142.4794     12.0961    610.0472     50.0000     20.0015     20.0000      0.0000      0.0000      0.0000    193.0347     14.0000      0.0000     -0.0398      0.0392     -0.0169      0.0406
     35.5689    142.2698     16.9345    610.0472     70.0000     20.0015     20.0000      0.0000      0.0000      0.0000    193.0347     14.0000      0.0000     -0.0485      0.0369     -0.0203      0.0390
     35.6053    142.0600     21.7730    610.0472     90.0000     20.0015     20.0000      0.0000      0.0000      0.0000    193.0347     14.0000      0.0000     -0.0506      0.0324     -0.0218      0.0345
     35.6414    141.8500     26.6114    610.0472    110.0000     20.0015     20.0000      0.0000      0.0000      0.0000    193.0347     14.0000      0.0000     -0.0452      0.0276     -0.0201      0.0293
     35.6771    141.6398     31.4498    610.0472    130.0000     20.0015     20.0000      0.0000      0.0000      0.0000    193.0347     14.0000      0.0000     -0.0338      0.0249     -0.0150      0.0260
     35.7124    141.4295     36.2883    610.0472    150.0000     20.0015     20.0000      0.0000      0.0000      0.0000    193.0347     14.0000      0.0000     -0.0196      0.0256     -0.0086      0.0261
     35.7473    141.2189     41.1267    610.0472    170.0000     20.0015     20.0000      0.0000      0.0000      0.0000    193.0347     14.0000      0.0000     -0.0062      0.0285     -0.0040      0.0275
     35.7819    141.0082     45.9652    610.0472    190.0000     20.0015     20.0000      0.0000      0.0000      0.0000    193.0347     14.0000      0.0000      0.0051      0.0305     -0.0018      0.0278
