       latitude      longitude observation     resiual  prediction  correction
       34.29293      136.00264     0.03540    -0.01444     0.04984     0.00000
       35.08572      136.04120     0.05440    -0.01735     0.07175     0.00000
       34.71065      136.04189     0.03590    -0.02476     0.06066     0.00000
       36.10973      136.04895     0.10030    -0.00786     0.10816     0.00000
       34.56703      136.05039     0.03800    -0.01883     0.05683     0.00000
       35.46629      136.05367     0.06040    -0.02413     0.08453     0.00000
       34.86933      136.05483     0.03740    -0.02788     0.06528     0.00000
       35.83684      136.05598     0.07780    -0.02019     0.09799     0.00000
       35.31897      136.06283     0.06710    -0.01249     0.07959     0.00000
       35.60256      136.10581     0.06500    -0.02520     0.09020     0.00000
       34.98638      136.14504     0.04870    -0.02087     0.06957     0.00000
       35.09473      136.15823     0.06010    -0.01307     0.07317     0.00000
       36.23117      136.17297     0.10410    -0.01206     0.11616     0.00000
       34.49387      136.17315     0.02480    -0.03064     0.05544     0.00000
       34.74287      136.18345     0.03140    -0.03104     0.06244     0.00000
       35.96889      136.18499     0.08300    -0.02284     0.10584     0.00000
       35.79278      136.19739     0.07440    -0.02469     0.09909     0.00000
       35.55733      136.19795     0.06820    -0.02181     0.09001     0.00000
       34.06066      136.19836     0.04310    -0.00189     0.04499     0.00000
       35.26944      136.23561     0.06510    -0.01488     0.07998     0.00000
       35.42036      136.26475     0.07990    -0.00597     0.08587     0.00000
       36.14562      136.27894     0.11710     0.00162     0.11548     0.00000
       34.93073      136.29557     0.05540    -0.01362     0.06902     0.00000
       34.64875      136.32976     0.03880    -0.02169     0.06049     0.00000
       34.43314      136.33426     0.03370    -0.02072     0.05442     0.00000
       35.88822      136.33958     0.08070    -0.02529     0.10599     0.00000
       34.20816      136.34293     0.04260    -0.00606     0.04866     0.00000
       36.22956      136.36165     0.10800    -0.01344     0.12144     0.00000
       34.29793      136.38849     0.02940    -0.02161     0.05101     0.00000
       36.39446      136.38894     0.11250    -0.01718     0.12968     0.00000
       34.85490      136.39326     0.06300    -0.00428     0.06728     0.00000
       34.60333      136.43194     0.04650    -0.01314     0.05964     0.00000
       35.35973      136.47031     0.09070     0.00433     0.08637     0.00000
       34.42033      136.47446     0.03700    -0.01752     0.05452     0.00000
       35.63615      136.48877     0.07380    -0.02437     0.09817     0.00000
       34.75900      136.50229     0.06450    -0.00036     0.06486     0.00000
       35.10476      136.50376     0.05680    -0.02012     0.07692     0.00000
       35.98491      136.50492     0.09550    -0.01872     0.11422     0.00000
       34.28507      136.54048     0.03600    -0.01500     0.05100     0.00000
       36.53727      136.54067     0.11190    -0.02988     0.14178     0.00000
       35.48006      136.54529     0.08300    -0.00943     0.09243     0.00000
       35.37171      136.54974     0.07230    -0.01565     0.08795     0.00000
       34.54705      136.55066     0.04850    -0.00995     0.05845     0.00000
       35.22791      136.59344     0.06220    -0.02044     0.08264     0.00000
       36.37007      136.60533     0.12770    -0.00823     0.13593     0.00000
       35.63290      136.61139     0.08290    -0.01740     0.10030     0.00000
       34.43144      136.62840     0.04380    -0.01148     0.05528     0.00000
       36.16529      136.63395     0.11960    -0.00697     0.12657     0.00000
       34.91380      136.63650     0.04590    -0.02516     0.07106     0.00000
       36.66341      136.64994     0.14190    -0.01060     0.15250     0.00000
       35.90141      136.65774     0.08770    -0.02634     0.11404     0.00000
       35.48832      136.68728     0.08500    -0.01005     0.09505     0.00000
       34.29661      136.69319     0.02880    -0.02278     0.05158     0.00000
       35.05091      136.69425     0.04690    -0.02978     0.07668     0.00000
       37.15674      136.71876     0.16770    -0.01239     0.18009     0.00000
       34.49000      136.72823     0.04440    -0.01292     0.05732     0.00000
       35.40513      136.72875     0.08250    -0.00944     0.09194     0.00000
       36.81748      136.75565     0.15610    -0.00926     0.16536     0.00000
       37.00072      136.77271     0.15780    -0.01785     0.17565     0.00000
       35.72349      136.78462     0.09600    -0.01209     0.10809     0.00000
       35.30084      136.78882     0.07610    -0.01202     0.08812     0.00000
       34.37358      136.80200     0.04040    -0.01358     0.05398     0.00000
       36.59209      136.80640     0.14770    -0.00796     0.15566     0.00000
       34.25344      136.82061     0.03320    -0.01734     0.05054     0.00000
       35.19011      136.82883     0.06730    -0.01645     0.08375     0.00000
       34.90438      136.83188     0.04660    -0.02551     0.07211     0.00000
       34.46539      136.85113     0.02740    -0.02948     0.05688     0.00000
       34.98439      136.86275     0.05030    -0.02519     0.07549     0.00000
       35.86694      136.86318     0.08830    -0.02909     0.11739     0.00000
       34.82336      136.86764     0.03040    -0.03886     0.06926     0.00000
       37.38238      136.88917     0.19400    -0.00726     0.20126     0.00000
       35.52607      136.90002     0.07670    -0.02372     0.10042     0.00000
       36.26147      136.90427     0.12660    -0.01423     0.14083     0.00000
       37.22644      136.90877     0.18800    -0.00720     0.19520     0.00000
       37.85050      136.91927     0.21540    -0.00594     0.22134     0.00000
       36.40188      136.92056     0.13500    -0.01469     0.14969     0.00000
       35.33476      136.92998     0.08030    -0.01125     0.09155     0.00000
       34.74005      136.93848     0.04880    -0.01774     0.06654     0.00000
       36.03305      136.95276     0.11960    -0.00956     0.12916     0.00000
       35.16842      136.96580     0.08430     0.00002     0.08428     0.00000
       35.75778      136.97530     0.09140    -0.02274     0.11414     0.00000
       34.54391      136.98175     0.03170    -0.02807     0.05977     0.00000
       37.12316      136.99607     0.18040    -0.01520     0.19560     0.00000
       36.74062      136.99613     0.15670    -0.01683     0.17353     0.00000
       36.91951      137.02643     0.17630    -0.00964     0.18594     0.00000
       36.64956      137.03190     0.16970    -0.00015     0.16985     0.00000
       37.43226      137.03394     0.21380    -0.00030     0.21410     0.00000
       35.12811      137.04128     0.06510    -0.01813     0.08323     0.00000
       34.99499      137.05978     0.06830    -0.00918     0.07748     0.00000
       34.60924      137.06807     0.03790    -0.02439     0.06229     0.00000
       35.23909      137.07357     0.06170    -0.02709     0.08879     0.00000
       36.14026      137.08053     0.11450    -0.02531     0.13981     0.00000
       35.36737      137.11023     0.07530    -0.02039     0.09569     0.00000
       34.79487      137.11900     0.04910    -0.02042     0.06952     0.00000
       35.47870      137.12469     0.08070    -0.02110     0.10180     0.00000
       37.30697      137.13854     0.19260    -0.02318     0.21578     0.00000
       36.33551      137.14717     0.15050    -0.00453     0.15503     0.00000
       34.91734      137.15239     0.06110    -0.01369     0.07479     0.00000
       36.75795      137.15447     0.16970    -0.01380     0.18350     0.00000
       35.61209      137.17414     0.09330    -0.01689     0.11019     0.00000
       36.63434      137.19520     0.15980    -0.01774     0.17754     0.00000
       35.91163      137.20067     0.12020    -0.00894     0.12914     0.00000
       36.47280      137.23922     0.16220    -0.00646     0.16866     0.00000
       35.80048      137.24837     0.09540    -0.02795     0.12335     0.00000
       35.30055      137.25232     0.07010    -0.02402     0.09412     0.00000
       35.13875      137.25356     0.06340    -0.02242     0.08582     0.00000
       37.44603      137.27005     0.21730    -0.01680     0.23410     0.00000
       34.64866      137.27784     0.04490    -0.01945     0.06435     0.00000
       34.91975      137.29994     0.05510    -0.02071     0.07581     0.00000
       35.52313      137.30909     0.08920    -0.01835     0.10755     0.00000
       35.03946      137.31316     0.05240    -0.02909     0.08149     0.00000
       34.78591      137.33877     0.05410    -0.01603     0.07013     0.00000
       36.13599      137.34791     0.12170    -0.02765     0.14935     0.00000
       36.28564      137.36302     0.14550    -0.01546     0.16096     0.00000
       36.73696      137.36951     0.17800    -0.01722     0.19522     0.00000
       35.26197      137.40561     0.07260    -0.02133     0.09393     0.00000
       34.96748      137.42313     0.06110    -0.01770     0.07880     0.00000
       35.65719      137.42477     0.10010    -0.01821     0.11831     0.00000
       34.86482      137.43400     0.05110    -0.02293     0.07403     0.00000
       36.57871      137.43990     0.16710    -0.02034     0.18744     0.00000
       34.68038      137.44245     0.03890    -0.02712     0.06602     0.00000
       35.81555      137.45088     0.11550    -0.01428     0.12978     0.00000
       35.39676      137.46757     0.07760    -0.02499     0.10259     0.00000
       36.92896      137.48723     0.19990    -0.01824     0.21814     0.00000
       34.71805      137.51493     0.04380    -0.02398     0.06778     0.00000
       35.57509      137.52878     0.08310    -0.03194     0.11504     0.00000
       35.97346      137.53487     0.12050    -0.02352     0.14402     0.00000
       36.86434      137.55133     0.20150    -0.01647     0.21797     0.00000
       34.80873      137.55434     0.04480    -0.02713     0.07193     0.00000
       35.10002      137.57533     0.06720    -0.01949     0.08669     0.00000
       34.93768      137.57549     0.05400    -0.02420     0.07820     0.00000
       35.24700      137.58767     0.07030    -0.02487     0.09517     0.00000
       35.88000      137.59827     0.12020    -0.01867     0.13887     0.00000
       35.66123      137.62016     0.09550    -0.02753     0.12303     0.00000
       34.70212      137.63688     0.02800    -0.03932     0.06732     0.00000
       34.83533      137.67234     0.05520    -0.01837     0.07357     0.00000
       35.34373      137.67640     0.05920    -0.04304     0.10224     0.00000
       34.75204      137.68078     0.04220    -0.02745     0.06965     0.00000
       36.08466      137.68263     0.13390    -0.02472     0.15862     0.00000
       35.07929      137.69524     0.06570    -0.02075     0.08645     0.00000
       35.78362      137.69626     0.11640    -0.01783     0.13423     0.00000
       34.67231      137.72338     0.05550    -0.01059     0.06609     0.00000
       35.94460      137.78544     0.12370    -0.02674     0.15044     0.00000
       34.79284      137.79179     0.04630    -0.02549     0.07179     0.00000
       35.77753      137.81448     0.10800    -0.02907     0.13707     0.00000
       35.52109      137.81524     0.09090    -0.02587     0.11677     0.00000
       34.94134      137.81794     0.04410    -0.03540     0.07950     0.00000
       34.67188      137.82342     0.04020    -0.02591     0.06611     0.00000
       36.49977      137.85112     0.18070    -0.02587     0.20657     0.00000
       35.16045      137.86876     0.06840    -0.02420     0.09260     0.00000
       36.22837      137.87175     0.15530    -0.02533     0.18063     0.00000
       36.70647      137.87233     0.20490    -0.02426     0.22916     0.00000
       37.04517      137.87385     0.26070    -0.00222     0.26292     0.00000
       36.95087      137.89387     0.23700    -0.01878     0.25578     0.00000
       36.32237      137.90282     0.16920    -0.02260     0.19180     0.00000
       34.75539      137.91128     0.04950    -0.02058     0.07008     0.00000
       35.31714      137.92527     0.08360    -0.02000     0.10360     0.00000
       34.84386      137.93215     0.05840    -0.01621     0.07461     0.00000
       34.67042      137.93744     0.03270    -0.03330     0.06600     0.00000
       35.92358      137.94381     0.12970    -0.02453     0.15423     0.00000
       34.90205      137.94681     0.05140    -0.02636     0.07776     0.00000
       35.03152      137.98042     0.06410    -0.02124     0.08534     0.00000
       36.12111      137.98301     0.15510    -0.02029     0.17539     0.00000
       35.72629      137.98389     0.11560    -0.02174     0.13734     0.00000
       36.23903      137.98455     0.16940    -0.01839     0.18779     0.00000
       34.78595      138.01753     0.05100    -0.02065     0.07165     0.00000
       35.55613      138.03832     0.08900    -0.03482     0.12382     0.00000
       34.66641      138.04652     0.04850    -0.01717     0.06567     0.00000
       34.71525      138.05354     0.04540    -0.02265     0.06805     0.00000
       34.93980      138.07486     0.06320    -0.01699     0.08019     0.00000
       35.04488      138.08168     0.06540    -0.02120     0.08660     0.00000
       35.87842      138.09571     0.12050    -0.03476     0.15526     0.00000
       36.70665      138.09673     0.24240    -0.00649     0.24889     0.00000
       34.67992      138.09829     0.05310    -0.01314     0.06624     0.00000
       37.16079      138.10019     0.29540    -0.00545     0.30085     0.00000
       36.52360      138.12095     0.21250    -0.01667     0.22917     0.00000
       34.64290      138.12929     0.04570    -0.01867     0.06437     0.00000
       35.10391      138.13490     0.07220    -0.01848     0.09068     0.00000
       34.75776      138.13692     0.05010    -0.02002     0.07012     0.00000
       34.63454      138.15904     0.04060    -0.02329     0.06389     0.00000
       34.84941      138.17674     0.04270    -0.03237     0.07507     0.00000
       34.67775      138.18296     0.03870    -0.02724     0.06594     0.00000
       35.32207      138.18578     0.09670    -0.01021     0.10691     0.00000
       36.86540      138.19867     0.27190    -0.00678     0.27868     0.00000
       35.06697      138.20998     0.06480    -0.02373     0.08853     0.00000
       36.02616      138.21448     0.14800    -0.02797     0.17597     0.00000
       34.60315      138.21525     0.04040    -0.02181     0.06221     0.00000
       36.20847      138.21649     0.17930    -0.01830     0.19760     0.00000
       34.73831      138.22560     0.05040    -0.01854     0.06894     0.00000
       37.05668      138.24259     0.29240    -0.01530     0.30770     0.00000
       36.66515      138.24747     0.25440    -0.00387     0.25827     0.00000
       34.95435      138.24990     0.07060    -0.01073     0.08133     0.00000
       35.20098      138.25351     0.06610    -0.03211     0.09821     0.00000
       37.81590      138.27307     0.38030    -0.00696     0.38726     0.00000
       35.85598      138.31640     0.14570    -0.01501     0.16071     0.00000
       36.38618      138.32252     0.21700    -0.01062     0.22762     0.00000
       34.83617      138.33122     0.04530    -0.02884     0.07414     0.00000
       37.23112      138.33357     0.35150     0.00935     0.34215     0.00000
       36.13311      138.36204     0.17770    -0.01888     0.19658     0.00000
       36.26099      138.36604     0.20830    -0.00553     0.21383     0.00000
       35.10346      138.36870     0.07110    -0.02047     0.09157     0.00000
       38.02369      138.36988     0.40540    -0.01267     0.41807     0.00000
       34.99052      138.37830     0.05640    -0.02733     0.08373     0.00000
       36.80171      138.43617     0.29540    -0.00311     0.29851     0.00000
       35.90493      138.44421     0.13710    -0.03428     0.17138     0.00000
       35.44358      138.44525     0.10520    -0.01533     0.12053     0.00000
       35.28946      138.44570     0.08640    -0.02021     0.10661     0.00000
       35.67369      138.45682     0.13220    -0.01228     0.14448     0.00000
       37.10708      138.45736     0.35170     0.00592     0.34578     0.00000
       36.13064      138.46097     0.17180    -0.03018     0.20198     0.00000
       38.06328      138.47168     0.43800    -0.00392     0.44192     0.00000
       36.28471      138.49928     0.21430    -0.01241     0.22671     0.00000
       38.31935      138.51309     0.46790     0.01042     0.45748     0.00000
       34.98650      138.51568     0.06430    -0.01907     0.08337     0.00000
       37.34854      138.51637     0.39160     0.00291     0.38869     0.00000
       35.06741      138.52471     0.06950    -0.01966     0.08916     0.00000
       36.50800      138.55271     0.25750    -0.00865     0.26615     0.00000
       35.36208      138.56343     0.08020    -0.03390     0.11410     0.00000
       37.39768      138.57440     0.40080    -0.00576     0.40656     0.00000
       35.97415      138.58303     0.16740    -0.01921     0.18661     0.00000
       35.59034      138.58330     0.11900    -0.01899     0.13799     0.00000
       36.61632      138.59145     0.28430    -0.00393     0.28823     0.00000
       35.46769      138.60687     0.08940    -0.03568     0.12508     0.00000
       37.07913      138.60872     0.36910     0.00199     0.36711     0.00000
       35.11715      138.60997     0.05970    -0.03330     0.09300     0.00000
       35.20318      138.61699     0.07230    -0.02779     0.10009     0.00000
       36.85669      138.62425     0.34210     0.00889     0.33321     0.00000
       37.21211      138.63460     0.40980     0.01726     0.39254     0.00000
       36.34601      138.63780     0.23060    -0.01703     0.24763     0.00000
       35.64952      138.69038     0.13120    -0.01603     0.14723     0.00000
       35.74687      138.69513     0.14730    -0.01252     0.15982     0.00000
       37.53583      138.70694     0.45830     0.00440     0.45390     0.00000
       35.17359      138.72154     0.08660    -0.01110     0.09770     0.00000
       35.36077      138.72730     0.09790    -0.01736     0.11526     0.00000
       34.69025      138.76279     0.04650    -0.01691     0.06341     0.00000
       35.30554      138.77067     0.08550    -0.02448     0.10998     0.00000
       34.85503      138.77652     0.05470    -0.01863     0.07333     0.00000
       37.49866      138.77954     0.47490     0.00792     0.46698     0.00000
       37.66752      138.78051     0.49190     0.00327     0.48863     0.00000
       34.77607      138.78606     0.06310    -0.00514     0.06824     0.00000
       37.31131      138.78998     0.45910     0.01768     0.44142     0.00000
       34.97057      138.79466     0.06310    -0.01816     0.08126     0.00000
       35.49659      138.81404     0.11010    -0.02080     0.13090     0.00000
       36.99346      138.83084     0.40310     0.00929     0.39381     0.00000
       34.61000      138.83842     0.03890    -0.01941     0.05831     0.00000
       36.59138      138.84789     0.29980    -0.01651     0.31631     0.00000
       36.25903      138.86541     0.23620    -0.01596     0.25216     0.00000
       34.71947      138.87647     0.03800    -0.02601     0.06401     0.00000
       37.77699      138.88044     0.52610    -0.00312     0.52922     0.00000
       35.32160      138.88165     0.09910    -0.01287     0.11197     0.00000
       35.11002      138.90186     0.06060    -0.03122     0.09182     0.00000
       36.69703      138.90626     0.34780     0.00078     0.34702     0.00000
       35.04724      138.90689     0.05060    -0.03593     0.08653     0.00000
       36.14275      138.91242     0.21300    -0.02075     0.23375     0.00000
       37.58974      138.92028     0.54040     0.02210     0.51830     0.00000
       34.86559      138.92225     0.04180    -0.03103     0.07283     0.00000
       34.91611      138.92482     0.03610    -0.04025     0.07635     0.00000
       35.92993      138.92605     0.19580    -0.00030     0.19610     0.00000
       35.20439      138.92835     0.08140    -0.01888     0.10028     0.00000
       37.16604      138.93372     0.48400     0.03400     0.45000     0.00000
       34.69890      138.93933     0.03920    -0.02294     0.06214     0.00000
       36.77806      138.94482     0.39250     0.02139     0.37111     0.00000
       35.75387      138.94999     0.14490    -0.02345     0.16835     0.00000
       35.11417      138.97387     0.06140    -0.03041     0.09181     0.00000
       35.62335      138.97585     0.12220    -0.02747     0.14967     0.00000
       37.89647      138.98886     0.54930    -0.02634     0.57564     0.00000
       34.75135      138.98982     0.04070    -0.02400     0.06470     0.00000
       35.01483      138.99793     0.05180    -0.03144     0.08324     0.00000
       37.46772      138.99801     0.54800     0.02517     0.52283     0.00000
       34.92182      139.01369     0.03600    -0.03992     0.07592     0.00000
       36.39535      139.01671     0.28050    -0.01561     0.29611     0.00000
       37.31987      139.02025     0.52560     0.02284     0.50276     0.00000
       35.51187      139.02578     0.12120    -0.01394     0.13514     0.00000
       35.41535      139.04518     0.10460    -0.01845     0.12305     0.00000
       35.24552      139.04934     0.07950    -0.02450     0.10400     0.00000
       36.53926      139.05673     0.31760    -0.01730     0.33490     0.00000
       37.66230      139.05912     0.60510     0.03227     0.57283     0.00000
       36.83735      139.06085     0.42080     0.01354     0.40726     0.00000
       36.23467      139.06664     0.23340    -0.03215     0.26555     0.00000
       34.94976      139.06990     0.05720    -0.02022     0.07742     0.00000
       37.75206      139.07391     0.59640     0.00641     0.58999     0.00000
       35.98689      139.07569     0.19740    -0.01687     0.21427     0.00000
       35.00685      139.08197     0.06480    -0.01700     0.08180     0.00000
       34.97186      139.10169     0.04520    -0.03359     0.07879     0.00000
       35.14860      139.11044     0.05380    -0.04023     0.09403     0.00000
       37.54034      139.11145     0.62630     0.05453     0.57177     0.00000
       34.87847      139.12436     0.02800    -0.04350     0.07150     0.00000
       34.93931      139.13116     0.04990    -0.02601     0.07591     0.00000
       34.20048      139.13445     0.00260    -0.03425     0.03685     0.00000
       34.23991      139.13757     0.01090    -0.02731     0.03821     0.00000
       35.26860      139.14241     0.07830    -0.02775     0.10605     0.00000
       35.61027      139.15723     0.10750    -0.04320     0.15070     0.00000
       35.33621      139.16260     0.08000    -0.03363     0.11363     0.00000
       35.04063      139.17103     0.05070    -0.03295     0.08365     0.00000
       35.88405      139.18220     0.18170    -0.01765     0.19935     0.00000
       35.42852      139.20487     0.10820    -0.01688     0.12508     0.00000
       34.33312      139.21094     0.00940    -0.03130     0.04070     0.00000
       36.76969      139.22490     0.43210     0.00616     0.42594     0.00000
       37.82816      139.22604     0.70260     0.04446     0.65814     0.00000
       37.15762      139.24711     0.55290     0.01714     0.53576     0.00000
       38.46539      139.25335     0.71290     0.02282     0.69008     0.00000
       36.26769      139.25464     0.28520    -0.00791     0.29311     0.00000
       34.37183      139.25791     0.02980    -0.01175     0.04155     0.00000
       35.30490      139.26269     0.09140    -0.01806     0.10946     0.00000
       35.72376      139.26813     0.16230    -0.00943     0.17173     0.00000
       36.00374      139.26933     0.23150     0.00216     0.22934     0.00000
       34.51963      139.27093     0.02740    -0.02056     0.04796     0.00000
       35.48264      139.32258     0.11030    -0.02237     0.13267     0.00000
       36.42163      139.33039     0.34250    -0.00372     0.34622     0.00000
       36.12095      139.34517     0.25850    -0.00519     0.26369     0.00000
       37.92938      139.35146     0.77510     0.04934     0.72576     0.00000
       34.73761      139.35859     0.06320     0.00478     0.05842     0.00000
       37.30280      139.36435     0.62960     0.01505     0.61455     0.00000
       35.80080      139.36597     0.18380    -0.00551     0.18931     0.00000
       35.39149      139.36606     0.09520    -0.02449     0.11969     0.00000
       35.61643      139.36990     0.14010    -0.01416     0.15426     0.00000
       34.78442      139.38139     0.04500    -0.01599     0.06099     0.00000
       37.03693      139.40223     0.56940     0.01551     0.55389     0.00000
       34.68679      139.43322     0.04310    -0.01088     0.05398     0.00000
       34.76154      139.43402     0.04340    -0.01512     0.05852     0.00000
       42.06050      139.44615     0.08180    -0.03454     0.11634     0.00000
       38.05618      139.46168     0.86960     0.07666     0.79294     0.00000
       35.92550      139.46429     0.21500    -0.00662     0.22162     0.00000
       35.32668      139.46607     0.09280    -0.01737     0.11017     0.00000
       35.52141      139.46784     0.09370    -0.04486     0.13856     0.00000
       37.68591      139.47789     0.76780     0.01421     0.75359     0.00000
       34.07578      139.47881     0.01400    -0.01385     0.02785     0.00000
       35.71037      139.48826     0.15000    -0.02343     0.17343     0.00000
       36.62417      139.49059     0.44810     0.00440     0.44370     0.00000
       37.28149      139.50377     0.69370     0.02675     0.66695     0.00000
       34.12107      139.50385     0.01450    -0.01427     0.02877     0.00000
       36.87225      139.50531     0.56140     0.02643     0.53497     0.00000
       38.23069      139.50957     0.89510     0.06998     0.82512     0.00000
       42.15355      139.51960     0.09230    -0.01747     0.10977     0.00000
       35.41927      139.52192     0.06990    -0.05239     0.12229     0.00000
       37.47346      139.52863     0.76560     0.03385     0.73175     0.00000
       38.51120      139.53382     0.90320     0.08110     0.82210     0.00000
       36.29516      139.54230     0.33750    -0.00123     0.33873     0.00000
       34.05911      139.54715     0.03220     0.00589     0.02631     0.00000
       39.18556      139.54766     0.68180    -0.00108     0.68288     0.00000
       34.09376      139.56176     0.00030    -0.02674     0.02704     0.00000
       37.09725      139.58616     0.67920     0.03513     0.64407     0.00000
       35.16087      139.61384     0.05060    -0.03726     0.08786     0.00000
       36.66598      139.61925     0.48760    -0.00696     0.49456     0.00000
       35.66370      139.63065     0.08860    -0.07652     0.16512     0.00000
       36.08723      139.63672     0.26540    -0.01447     0.27987     0.00000
       35.75803      139.64454     0.15740    -0.02906     0.18646     0.00000
       35.93747      139.65186     0.24690     0.01259     0.23431     0.00000
       35.43648      139.65375     0.13370     0.01054     0.12316     0.00000
       35.26709      139.66484     0.08270    -0.01632     0.09902     0.00000
       35.56340      139.67335     0.13390    -0.01101     0.14491     0.00000
       38.70117      139.67453     0.91520     0.04434     0.87086     0.00000
       37.32621      139.68635     0.82010     0.04877     0.77133     0.00000
       36.40185      139.72642     0.40560    -0.00755     0.41315     0.00000
       38.14618      139.74225     1.05270     0.07821     0.97449     0.00000
       36.53763      139.75279     0.49800     0.01834     0.47966     0.00000
       39.96790      139.77615     0.48210    -0.00389     0.48599     0.00000
       37.64370      139.79151     0.95130     0.01698     0.93432     0.00000
       35.89597      139.79599     0.20630    -0.02181     0.22811     0.00000
       36.01090      139.79993     0.23560    -0.03124     0.26684     0.00000
       36.97958      139.80575     0.74540     0.04419     0.70121     0.00000
       38.89460      139.80885     0.94310     0.04600     0.89710     0.00000
       36.20367      139.81053     0.33280    -0.01062     0.34342     0.00000
       35.78021      139.81281     0.17900    -0.01546     0.19446     0.00000
       35.31170      139.82552     0.09600    -0.00465     0.10065     0.00000
       38.59404      139.83177     1.05850     0.06188     0.99662     0.00000
       37.46129      139.83552     0.95660     0.04695     0.90965     0.00000
       39.89113      139.84893     0.52850     0.00274     0.52576     0.00000
       36.77637      139.85426     0.63430     0.00467     0.62963     0.00000
       42.45073      139.85767     0.06850    -0.02108     0.08958     0.00000
       34.95408      139.86408     0.02840    -0.03327     0.06167     0.00000
       37.26107      139.87143     0.90790     0.04911     0.85879     0.00000
       37.92058      139.87941     1.10470     0.04184     1.06286     0.00000
       35.67546      139.90235     0.17350     0.00663     0.16687     0.00000
       36.45658      139.90251     0.48780     0.00430     0.48350     0.00000
       39.20606      139.90772     0.88270     0.05274     0.82996     0.00000
       36.59895      139.92347     0.55010    -0.01641     0.56651     0.00000
       39.01597      139.92750     0.99040     0.06806     0.92234     0.00000
       40.57764      139.92812     0.30800    -0.01480     0.32280     0.00000
       36.11481      139.93150     0.31760    -0.00250     0.32010     0.00000
       38.75972      139.95737     1.10140     0.05957     1.04183     0.00000
       35.14380      139.96847     0.05890    -0.01658     0.07548     0.00000
       37.66929      139.97266     1.13770     0.05229     1.08541     0.00000
       35.00279      139.97489     0.02490    -0.03711     0.06201     0.00000
       36.30070      139.98777     0.42510     0.00310     0.42200     0.00000
       35.94029      139.99272     0.24500    -0.00604     0.25104     0.00000
       42.13085      140.00395     0.07570    -0.03154     0.10724     0.00000
       40.09970      140.00550     0.46980    -0.00493     0.47473     0.00000
       40.73063      140.01099     0.29450     0.00442     0.29008     0.00000
       42.68534      140.01178     0.06330    -0.01332     0.07662     0.00000
       35.78647      140.02475     0.20480     0.00789     0.19691     0.00000
       40.33940      140.02757     0.39170    -0.00387     0.39557     0.00000
       37.12470      140.03541     0.93050     0.02145     0.90905     0.00000
       36.85423      140.03926     0.80390     0.03738     0.76652     0.00000
       41.46638      140.04065     0.15360    -0.01378     0.16738     0.00000
       39.82581      140.04472     0.63010     0.03679     0.59331     0.00000
       35.65721      140.04809     0.08790    -0.07129     0.15919     0.00000
       39.39870      140.04824     0.85210     0.04912     0.80298     0.00000
       40.24730      140.04868     0.41410    -0.01353     0.42763     0.00000
       35.44778      140.05133     0.09010    -0.02376     0.11386     0.00000
       39.52756      140.05393     0.78100     0.04188     0.73912     0.00000
       41.80303      140.07123     0.12890    -0.00325     0.13215     0.00000
       37.56695      140.07268     1.18980     0.04859     1.14121     0.00000
       38.19754      140.07757     1.34820     0.07469     1.27351     0.00000
       36.36491      140.07795     0.49210     0.00958     0.48252     0.00000
       35.11186      140.07927     0.04740    -0.02052     0.06792     0.00000
       36.10364      140.08631     0.32090    -0.01094     0.33184     0.00000
       36.10558      140.08712     0.33090    -0.00205     0.33295     0.00000
       36.10611      140.08719     0.32680    -0.00644     0.33324     0.00000
       36.10568      140.08750     0.31960    -0.01345     0.33305     0.00000
       37.96361      140.09353     1.35380     0.07773     1.27607     0.00000
       38.43434      140.09463     1.33220     0.07094     1.26126     0.00000
       42.00807      140.10732     0.08900    -0.02584     0.11484     0.00000
       39.93605      140.13238     0.58460     0.02231     0.56229     0.00000
       37.42451      140.13588     1.17980     0.03995     1.13985     0.00000
       35.87365      140.14549     0.22660    -0.00106     0.22766     0.00000
       35.33314      140.14679     0.06830    -0.02277     0.09107     0.00000
       36.69246      140.15769     0.73870     0.00188     0.73682     0.00000
       39.16421      140.16198     1.04330     0.04958     0.99372     0.00000
       36.95231      140.16476     0.95220     0.04191     0.91029     0.00000
       36.26327      140.17426     0.43500    -0.00616     0.44116     0.00000
       36.54222      140.17931     0.66400     0.02224     0.64176     0.00000
       38.93810      140.18347     1.20210     0.06156     1.14054     0.00000
       35.54414      140.18656     0.07180    -0.05455     0.12635     0.00000
       38.28898      140.19992     1.46480     0.05774     1.40706     0.00000
       36.03134      140.20244     0.29210    -0.01085     0.30295     0.00000
       37.61595      140.20565     1.35670     0.05761     1.29909     0.00000
       37.29304      140.21275     1.19200     0.04410     1.14790     0.00000
       38.62841      140.22051     1.41830     0.08564     1.33266     0.00000
       42.78643      140.23320     0.05370    -0.01613     0.06983     0.00000
       39.65831      140.23421     0.75280     0.02145     0.73135     0.00000
       35.28838      140.24916     0.08650     0.00685     0.07965     0.00000
       42.24368      140.25048     0.07540    -0.02139     0.09679     0.00000
       37.12629      140.25993     1.14010     0.04249     1.09761     0.00000
       40.27116      140.26366     0.43130    -0.00884     0.44014     0.00000
       35.16590      140.26802     0.05230    -0.01241     0.06471     0.00000
       38.14810      140.27114     1.58230     0.07226     1.51004     0.00000
       40.77898      140.27298     0.26580    -0.01937     0.28517     0.00000
       39.29674      140.27893     1.03800     0.05574     0.98226     0.00000
       36.65057      140.29342     0.80410     0.01527     0.78883     0.00000
       41.12172      140.29353     0.19160    -0.02394     0.21554     0.00000
       40.57518      140.29499     0.32590    -0.01384     0.33974     0.00000
       36.77896      140.29649     0.91260     0.01993     0.89267     0.00000
       35.71745      140.31515     0.15570    -0.00913     0.16483     0.00000
       41.59903      140.31589     0.11870    -0.03064     0.14934     0.00000
       35.53012      140.31824     0.10070    -0.01463     0.11533     0.00000
       38.75860      140.31874     1.47680     0.10215     1.37465     0.00000
       37.36182      140.32439     1.34110     0.03534     1.30576     0.00000
       35.42113      140.33737     0.09540     0.00175     0.09365     0.00000
       36.09694      140.34315     0.33800    -0.01413     0.35213     0.00000
       42.49436      140.35420     0.05470    -0.02665     0.08135     0.00000
       38.49677      140.36515     1.68320     0.11540     1.56780     0.00000
       38.33103      140.36609     1.76450     0.13943     1.62507     0.00000
       41.93485      140.37123     0.09460    -0.02222     0.11682     0.00000
       37.62073      140.37290     1.56900     0.05610     1.51290     0.00000
       37.02358      140.37627     1.18500     0.04162     1.14338     0.00000
       35.24324      140.38491     0.06000    -0.00651     0.06651     0.00000
       36.47585      140.38569     0.71780     0.03175     0.68605     0.00000
       39.54929      140.38662     0.89250     0.03206     0.86044     0.00000
       38.17044      140.39388     1.81290     0.11955     1.69335     0.00000
       40.00688      140.40199     0.58170     0.00417     0.57753     0.00000
       35.97041      140.40295     0.26670    -0.00564     0.27234     0.00000
       35.80333      140.40701     0.18500    -0.00468     0.18968     0.00000
       40.18332      140.40815     0.47900    -0.01257     0.49157     0.00000
       36.86209      140.41327     1.09000     0.03456     1.05544     0.00000
       37.98993      140.44257     1.81930     0.05556     1.76374     0.00000
       37.83350      140.44679     1.76380     0.03846     1.72534     0.00000
       39.05438      140.44733     1.34370     0.04852     1.29518     0.00000
       35.64235      140.44830     0.11080    -0.02125     0.13205     0.00000
       37.21056      140.45097     1.38970     0.03263     1.35707     0.00000
       40.91018      140.45157     0.22700    -0.02938     0.25638     0.00000
       37.44487      140.46403     1.53500    -0.00072     1.53572     0.00000
       37.68331      140.46649     1.73860     0.05144     1.68716     0.00000
       36.34437      140.47633     0.58300    -0.00735     0.59035     0.00000
       40.62435      140.47853     0.30010    -0.03046     0.33056     0.00000
       41.18508      140.49077     0.17360    -0.02948     0.20308     0.00000
       38.75216      140.49726     1.66870     0.06860     1.60010     0.00000
       36.74303      140.49760     1.06550     0.04129     1.02421     0.00000
       39.19910      140.50669     1.25420     0.03274     1.22146     0.00000
       41.71133      140.53503     0.11260    -0.02134     0.13394     0.00000
       39.92139      140.53586     0.67530     0.02198     0.65332     0.00000
       42.98525      140.54394     0.02760    -0.03116     0.05876     0.00000
       36.18131      140.54448     0.43860     0.00228     0.43632     0.00000
       39.32700      140.55978     1.17310     0.02964     1.14346     0.00000
       37.08930      140.56164     1.41830     0.01989     1.39841     0.00000
       42.09861      140.56886     0.06010    -0.04106     0.10116     0.00000
       37.59109      140.57165     1.83020     0.02508     1.80512     0.00000
       40.32505      140.57735     0.42890    -0.01445     0.44335     0.00000
       40.52365      140.57815     0.35110    -0.01463     0.36573     0.00000
       40.70628      140.58922     0.28080    -0.02724     0.30804     0.00000
       39.50814      140.59609     1.02700     0.03072     0.99628     0.00000
       39.74916      140.59704     0.80280     0.01138     0.79142     0.00000
       42.80272      140.60352     0.03880    -0.02561     0.06441     0.00000
       36.53993      140.61184     0.91170     0.03379     0.87791     0.00000
       39.05190      140.62959     1.53080     0.04098     1.48982     0.00000
       41.04322      140.63589     0.20280    -0.02413     0.22693     0.00000
       37.98441      140.64564     2.19780     0.03322     2.16458     0.00000
       35.77730      140.64682     0.13160    -0.02163     0.15323     0.00000
       35.95545      140.65924     0.22650    -0.01538     0.24188     0.00000
       37.32547      140.66211     1.72120    -0.01512     1.73632     0.00000
       42.12314      140.66687     0.06890    -0.02876     0.09766     0.00000
       36.93262      140.69015     1.42520     0.02031     1.40489     0.00000
       39.14620      140.71505     1.52940     0.05003     1.47937     0.00000
       41.97669      140.71544     0.08690    -0.02022     0.10712     0.00000
       37.18309      140.71600     1.64420    -0.03907     1.68327     0.00000
       37.82460      140.72766     2.27110    -0.01428     2.28538     0.00000
       38.57181      140.72772     2.17790     0.02906     2.14884     0.00000
       39.70268      140.73285     0.90160     0.02242     0.87918     0.00000
       41.82607      140.74783     0.09700    -0.02173     0.11873     0.00000
       36.80031      140.75391     1.34540     0.03026     1.31514     0.00000
       38.25775      140.75470     2.44430     0.02539     2.41891     0.00000
       37.56055      140.75507     2.07110    -0.05524     2.12634     0.00000
       42.55138      140.76762     0.06380    -0.00846     0.07226     0.00000
       39.35130      140.76918     1.30020     0.01958     1.28062     0.00000
       40.21544      140.78733     0.50210    -0.01035     0.51245     0.00000
       38.74894      140.80164     2.17120     0.06224     2.10896     0.00000
       40.64357      140.80335     0.32970     0.00189     0.32781     0.00000
       42.04297      140.80554     0.07830    -0.02203     0.10033     0.00000
       37.33670      140.80845     1.91180    -0.07284     1.98464     0.00000
       40.83441      140.81054     0.23120    -0.04057     0.27177     0.00000
       41.14555      140.82199     0.18240    -0.02126     0.20366     0.00000
       42.64629      140.82568     0.05410    -0.01313     0.06723     0.00000
       38.93403      140.83319     1.95570     0.03539     1.92031     0.00000
       39.55446      140.83632     1.09270     0.00992     1.08278     0.00000
       35.72636      140.83723     0.09030    -0.01698     0.10728     0.00000
       37.01845      140.84165     1.64550    -0.01988     1.66538     0.00000
       38.02966      140.84399     2.63700    -0.04763     2.68463     0.00000
       38.54622      140.84787     2.46950     0.02323     2.44627     0.00000
       38.41176      140.85137     2.61420     0.03175     2.58245     0.00000
       42.47390      140.87637     0.04300    -0.03095     0.07395     0.00000
       41.45530      140.88051     0.13160    -0.02315     0.15475     0.00000
       42.85789      140.88334     0.02570    -0.03273     0.05843     0.00000
       42.55793      140.89880     0.04820    -0.02154     0.06974     0.00000
       37.09071      140.90251     1.82840     0.00627     1.82213     0.00000
       37.80067      140.90808     2.65110    -0.08799     2.73909     0.00000
       41.74059      140.92933     0.09730    -0.02474     0.12204     0.00000
       40.44763      140.94159     0.37070    -0.03225     0.40295     0.00000
       42.37421      140.94241     0.05980    -0.01778     0.07758     0.00000
       38.17712      140.94369     2.96130    -0.02847     2.98977     0.00000
       38.31749      140.95418     3.01190     0.05728     2.95462     0.00000
       39.70109      140.96450     0.99960     0.02613     0.97347     0.00000
       41.19966      140.98381     0.16030    -0.02915     0.18945     0.00000
       39.12701      140.98846     1.88260     0.02489     1.85771     0.00000
       40.92116      140.99023     0.21290    -0.03289     0.24579     0.00000
       38.68613      141.00433     2.71250     0.05675     2.65575     0.00000
       40.10675      141.04646     0.58540    -0.01901     0.60441     0.00000
       39.95308      141.06633     0.70620    -0.02940     0.73560     0.00000
       42.66788      141.07496     0.04340    -0.01882     0.06222     0.00000
       40.29108      141.07647     0.47570    -0.00871     0.48441     0.00000
       42.42055      141.08106     0.05400    -0.01859     0.07259     0.00000
       41.46616      141.09447     0.12480    -0.02198     0.14678     0.00000
       40.57998      141.10602     0.31900    -0.02777     0.34677     0.00000
       40.86236      141.13181     0.22630    -0.02943     0.25573     0.00000
       41.83400      141.14218     0.07420    -0.03369     0.10789     0.00000
       38.53948      141.14754     3.38980     0.07448     3.31532     0.00000
       38.99546      141.14852     2.39660     0.00194     2.39466     0.00000
       38.66063      141.16072     3.22180     0.08628     3.13552     0.00000
       39.85125      141.16486     0.87870     0.01673     0.86197     0.00000
       39.59657      141.17210     1.24060     0.02257     1.21803     0.00000
       40.62507      141.19783     0.29280    -0.03425     0.32705     0.00000
       39.11062      141.20392     2.33740     0.10002     2.23738     0.00000
       38.42506      141.21291     3.75110     0.02913     3.72197     0.00000
       41.30077      141.21328     0.13210    -0.03285     0.16495     0.00000
       39.98057      141.22506     0.72410    -0.00844     0.73254     0.00000
       38.90193      141.28319     2.97270     0.05466     2.91804     0.00000
       42.97138      141.29033     0.01420    -0.03470     0.04890     0.00000
       39.46469      141.29300     1.52680    -0.01909     1.54589     0.00000
       40.29115      141.29369     0.47360    -0.01229     0.48589     0.00000
       38.50984      141.30440     3.97350     0.06720     3.90630     0.00000
       39.23537      141.31167     2.09230    -0.01098     2.10328     0.00000
       38.74322      141.31786     3.44400     0.02504     3.41896     0.00000
       40.50876      141.33199     0.35090    -0.01804     0.36894     0.00000
       42.54980      141.36148     0.05620    -0.00530     0.06150     0.00000
       40.96824      141.36796     0.18800    -0.03109     0.21909     0.00000
       40.67640      141.37621     0.27200    -0.02866     0.30066     0.00000
       41.16093      141.38569     0.13330    -0.04660     0.17990     0.00000
       39.01211      141.40085     2.86310    -0.01874     2.88184     0.00000
       42.77319      141.40709     0.05410     0.00122     0.05288     0.00000
       39.63937      141.42613     1.26470    -0.00595     1.27065     0.00000
       41.40471      141.44759     0.13300    -0.00784     0.14084     0.00000
       38.68270      141.44937     4.03200     0.04972     3.98228     0.00000
       39.84902      141.45259     0.93050     0.00729     0.92321     0.00000
       40.04860      141.46194     0.68490     0.00365     0.68125     0.00000
       40.27104      141.48486     0.48190    -0.01234     0.49424     0.00000
       38.30119      141.50069     5.02320    -0.00466     5.02786     0.00000
       40.51536      141.51128     0.32900    -0.02730     0.35630     0.00000
       39.33806      141.53416     2.06290    -0.03141     2.09431     0.00000
       38.90286      141.57259     3.64640     0.02188     3.62452     0.00000
       39.14309      141.57549     2.78940     0.00840     2.78100     0.00000
       42.88443      141.57742     0.01190    -0.03493     0.04683     0.00000
       42.65553      141.60226     0.05150    -0.00163     0.05313     0.00000
       39.97096      141.66218     0.76100    -0.01070     0.77170     0.00000
       39.59612      141.67529     1.46370    -0.00128     1.46498     0.00000
       40.40520      141.71313     0.36980    -0.02620     0.39600     0.00000
       42.98325      141.73067     0.00850    -0.03346     0.04196     0.00000
       39.02378      141.73985     3.59480     0.06817     3.52663     0.00000
       40.13345      141.78910     0.57980    -0.00692     0.58672     0.00000
       39.25352      141.79804     2.69510     0.03198     2.66312     0.00000
       39.84918      141.80385     0.94840    -0.00303     0.95143     0.00000
       42.72944      141.86398     0.06980     0.02369     0.04611     0.00000
       39.57239      141.93996     1.60360    -0.01190     1.61550     0.00000
       39.86937      141.95054     0.89060    -0.02660     0.91720     0.00000
       39.45816      141.95526     1.97280    -0.03565     2.00845     0.00000
       39.73896      141.97022     1.15970    -0.01825     1.17795     0.00000
       42.48128      142.06022     0.01170    -0.03768     0.04938     0.00000
       42.93377      142.08460     0.01730    -0.02030     0.03760     0.00000
       42.72724      142.29581     0.00460    -0.03384     0.03844     0.00000
       42.35690      142.36460     0.03160    -0.01466     0.04626     0.00000
       42.55426      142.39592     0.03960    -0.00085     0.04045     0.00000
       42.98052      142.40197     0.02450    -0.00747     0.03197     0.00000
       42.89063      142.53226     0.01840    -0.01310     0.03150     0.00000
       42.24773      142.56745     0.02390    -0.02058     0.04448     0.00000
       42.27723      142.76795     0.01810    -0.02083     0.03893     0.00000
       42.13094      142.93539     0.02680    -0.01144     0.03824     0.00000
       42.80334      142.95369     0.01350    -0.01290     0.02640     0.00000
       42.69927      143.10326     0.01260    -0.01281     0.02541     0.00000
       42.48641      143.15197    -0.01970    -0.04702     0.02732     0.00000
       42.00586      143.15653     0.01520    -0.02004     0.03524     0.00000
       42.93886      143.17057    -0.00850    -0.03040     0.02190     0.00000
       42.67396      143.31280     0.01140    -0.01110     0.02250     0.00000
       42.12559      143.31570     0.02310    -0.00610     0.02920     0.00000
       42.32159      143.33100     0.02380    -0.00235     0.02615     0.00000
       42.55165      143.46114     0.02290     0.00150     0.02140     0.00000
       42.80651      143.49497     0.00760    -0.01122     0.01882     0.00000
       42.80034      143.65554     0.01190    -0.00492     0.01682     0.00000
       42.89451      143.92695    -0.00690    -0.02010     0.01320     0.00000
       42.96326      144.43194     0.00750    -0.00050     0.00800     0.00000
       42.98257      144.71915     0.01950     0.01404     0.00546     0.00000
       38.88798      143.36219    14.00000    -0.17225    14.17225     0.00000
       38.63646      143.26334    21.00000     0.19746    20.80254     0.00000
       38.08094      142.91663    22.00000     0.04159    21.95841     0.00000
       38.14886      142.43315    13.00000    -0.07330    13.07330     0.00000
       37.16611      142.08090     4.50000    -0.13912     4.63912     0.00000
