lat_deg   lon_deg   depth_km  length_km width_km  strike_degdip_deg
   31.4535  103.9639      1.25    4.9751    5.4361  214.9079   27.3797
   31.4786  103.9224      3.75    4.9746    5.4362  214.9225   27.3796
   31.5036  103.8808      6.25    4.9742    5.4362  214.9371   27.3796
   31.5287  103.8392      8.75    4.9738    5.4362  214.9517   27.3796
   31.5537  103.7976     11.25    4.9733    5.4362  214.9663   27.3795
   31.5787  103.7559     13.75    4.9729    5.4362  214.9809   27.3795
   31.6037  103.7143     16.25    4.9725    5.4362  214.9956   27.3795
   31.6287  103.6726     18.75    4.9721    5.4362  215.0102   27.3794
   31.6537  103.6309     21.25    4.9716    5.4362  215.0248   27.3794
   31.6786  103.5891     23.75    4.9712    5.4362  215.0394   27.3794
   31.7036  103.5474     26.25    4.9708    5.4362  215.0541   27.3793
   31.7285  103.5056     28.75    4.9703    5.4362  215.0687   27.3793
   31.4193  103.9326      1.25    4.6846    5.4128   221.423   27.5079
   31.4444   103.891      3.75     4.684    5.4127  221.4372   27.5085
   31.4695  103.8495      6.25    4.6835    5.4125  221.4514   27.5092
   31.4945  103.8079      8.75     4.683    5.4124  221.4655   27.5098
   31.5195  103.7662     11.25    4.6824    5.4123  221.4797   27.5104
   31.5445  103.7246     13.75    4.6819    5.4122  221.4939   27.5111
   31.5695  103.6829     16.25    4.6813    5.4121  221.5081   27.5117
   31.5945  103.6412     18.75    4.6808     5.412  221.5223   27.5123
   31.6195  103.5995     21.25    4.6802    5.4118  221.5365    27.513
   31.6445  103.5578     23.75    4.6797    5.4117  221.5507   27.5136
   31.6694   103.516     26.25    4.6792    5.4116  221.5649   27.5142
   31.6943  103.4743     28.75    4.6786    5.4115  221.5791   27.5149
   31.3866  103.9001      1.25    4.8643    5.4286  219.1257   27.4207
   31.4116  103.8586      3.75    4.8638    5.4286    219.14   27.4211
   31.4367   103.817      6.25    4.8633    5.4285  219.1543   27.4215
   31.4617  103.7754      8.75    4.8627    5.4284  219.1685   27.4219
   31.4868  103.7338     11.25    4.8622    5.4284  219.1828   27.4223
   31.5118  103.6921     13.75    4.8617    5.4283  219.1971   27.4227
   31.5368  103.6505     16.25    4.8612    5.4282  219.2114   27.4231
   31.5618  103.6088     18.75    4.8607    5.4281  219.2257   27.4235
   31.5867  103.5671     21.25    4.8602    5.4281  219.2399   27.4239
   31.6117  103.5253     23.75    4.8597     5.428  219.2542   27.4243
   31.6366  103.4836     26.25    4.8592    5.4279  219.2685   27.4247
   31.6616  103.4418     28.75    4.8587    5.4278  219.2828   27.4251
   31.3524  103.8686      1.25     4.814    5.4364  217.4063   27.3785
   31.3775   103.827      3.75    4.8136    5.4363  217.4206   27.3787
   31.4025  103.7854      6.25    4.8131    5.4363   217.435   27.3789
   31.4276  103.7438      8.75    4.8126    5.4362  217.4494   27.3791
   31.4526  103.7022     11.25    4.8122    5.4362  217.4638   27.3793
   31.4776  103.6606     13.75    4.8117    5.4362  217.4781   27.3796
   31.5026  103.6189     16.25    4.8112    5.4361  217.4925   27.3798
   31.5276  103.5772     18.75    4.8108    5.4361  217.5069     27.38
   31.5526  103.5355     21.25    4.8103     5.436  217.5213   27.3803
   31.5775  103.4938     23.75    4.8098     5.436  217.5357   27.3805
   31.6025   103.452     26.25    4.8094     5.436  217.5501   27.3807
   31.6274  103.4102     28.75    4.8089    5.4359  217.5645    27.381
   31.3183  103.8376      1.25    4.7928    5.4348  218.1845    27.387
   31.3433   103.796      3.75    4.7924    5.4348  218.1988   27.3873
   31.3684  103.7544      6.25    4.7919    5.4347  218.2131   27.3876
   31.3934  103.7129      8.75    4.7914    5.4346  218.2274   27.3879
   31.4184  103.6712     11.25    4.7909    5.4346  218.2418   27.3882
   31.4435  103.6296     13.75    4.7904    5.4345  218.2561   27.3885
   31.4685  103.5879     16.25      4.79    5.4345  218.2704   27.3888
   31.4934  103.5462     18.75    4.7895    5.4344  218.2847   27.3891
   31.5184  103.5045     21.25     4.789    5.4344   218.299   27.3894
   31.5434  103.4628     23.75    4.7885    5.4343  218.3134   27.3897
   31.5683   103.421     26.25     4.788    5.4342  218.3277     27.39
   31.5933  103.3793     28.75    4.7875    5.4342   218.342   27.3904
   31.2851  103.8026      1.25    5.1576    5.3712  225.6406   27.7392
   31.3102   103.761      3.75     5.157     5.371  225.6547   27.7403
   31.3352  103.7195      6.25    5.1563    5.3708  225.6687   27.7414
   31.3602  103.6779      8.75    5.1556    5.3706  225.6828   27.7424
   31.3853  103.6362     11.25    5.1549    5.3704  225.6969   27.7435
   31.4103  103.5946     13.75    5.1542    5.3702   225.711   27.7446
   31.4353  103.5529     16.25    5.1535      5.37   225.725   27.7456
   31.4603  103.5112     18.75    5.1528    5.3698  225.7391   27.7467
   31.4852  103.4695     21.25    5.1521    5.3696  225.7532   27.7478
   31.5102  103.4278     23.75    5.1514    5.3694  225.7673   27.7489
   31.5352   103.386     26.25    5.1507    5.3693  225.7814     27.75
   31.5601  103.3443     28.75      5.15    5.3691  225.7955    27.751
   31.2546  103.7658      1.25    4.5812    5.3642   226.203   27.7786
   31.2797  103.7243      3.75    4.5806     5.364  226.2171   27.7797
   31.3047  103.6827      6.25      4.58    5.3638  226.2311   27.7808
   31.3298  103.6411      8.75    4.5793    5.3636  226.2452    27.782
   31.3548  103.5995     11.25    4.5787    5.3634  226.2593   27.7831
   31.3798  103.5578     13.75    4.5781    5.3632  226.2733   27.7842
   31.4048  103.5161     16.25    4.5775     5.363  226.2874   27.7853
   31.4298  103.4745     18.75    4.5768    5.3628  226.3015   27.7865
   31.4548  103.4327     21.25    4.5762    5.3626  226.3156   27.7876
   31.4797   103.391     23.75    4.5756    5.3624  226.3297   27.7888
   31.5047  103.3493     26.25    4.5749    5.3622  226.3437   27.7899
   31.5296  103.3075     28.75    4.5743     5.362  226.3578    27.791
   31.2203  103.7373      1.25    4.9377    5.3797  205.3432   27.6913
   31.2453  103.6958      3.75    4.9374    5.3799   205.359   27.6902
   31.2704  103.6542      6.25    4.9372    5.3801  205.3748    27.689
   31.2954  103.6126      8.75     4.937    5.3803  205.3906   27.6879
   31.3205   103.571     11.25    4.9367    5.3805  205.4064   27.6868
   31.3455  103.5293     13.75    4.9365    5.3807  205.4222   27.6857
   31.3705  103.4877     16.25    4.9363    5.3809  205.4381   27.6845
   31.3955   103.446     18.75     4.936    5.3811  205.4539   27.6834
   31.4204  103.4043     21.25    4.9358    5.3813  205.4697   27.6823
   31.4454  103.3625     23.75    4.9356    5.3815  205.4855   27.6812
   31.4703  103.3208     26.25    4.9353    5.3817  205.5013   27.6801
   31.4953   103.279     28.75    4.9351    5.3819  205.5171   27.6789
   31.1827  103.7162      1.25     4.333    5.3917    206.22   27.6243
   31.2078  103.6746      3.75    4.3327    5.3919  206.2356   27.6233
   31.2328   103.633      6.25    4.3325    5.3921  206.2512   27.6223
   31.2579  103.5914      8.75    4.3323    5.3923  206.2669   27.6212
   31.2829  103.5498     11.25    4.3321    5.3925  206.2825   27.6202
   31.3079  103.5082     13.75    4.3319    5.3927  206.2982   27.6192
   31.3329  103.4665     16.25    4.3316    5.3928  206.3138   27.6182
   31.3579  103.4248     18.75    4.3314     5.393  206.3295   27.6172
   31.3829  103.3831     21.25    4.3312    5.3932  206.3452   27.6162
   31.4078  103.3414     23.75     4.331    5.3934  206.3608   27.6152
   31.4328  103.2996     26.25    4.3308    5.3936  206.3765   27.6142
   31.4577  103.2578     28.75    4.3306    5.3937  206.3921   27.6132
   31.1522  103.6865      1.25    4.7224    5.2619  232.0579   28.3665
   31.1772   103.645      3.75    4.7216    5.2616  232.0721   28.3683
   31.2023  103.6034      6.25    4.7208    5.2613  232.0864   28.3701
   31.2273  103.5618      8.75      4.72     5.261  232.1006   28.3719
   31.2524  103.5202     11.25    4.7193    5.2607  232.1149   28.3737
   31.2774  103.4785     13.75    4.7185    5.2604  232.1291   28.3755
   31.3024  103.4369     16.25    4.7177    5.2601  232.1434   28.3773
   31.3274  103.3952     18.75    4.7169    5.2598  232.1576   28.3791
   31.3523  103.3535     21.25    4.7162    5.2595  232.1719    28.381
   31.3773  103.3117     23.75    4.7154    5.2592  232.1862   28.3828
   31.4022    103.27     26.25    4.7146    5.2589  232.2004   28.3846
   31.4272  103.2282     28.75    4.7139    5.2586  232.2147   28.3864
   31.1233  103.6471      1.25    5.1739    5.3546  227.0767   27.8324
   31.1483  103.6055      3.75    5.1731    5.3544  227.0908   27.8336
   31.1734  103.5639      6.25    5.1724    5.3542  227.1048   27.8348
   31.1984  103.5223      8.75    5.1717     5.354  227.1188    27.836
   31.2235  103.4807     11.25    5.1709    5.3538  227.1329   27.8372
   31.2485  103.4391     13.75    5.1702    5.3535  227.1469   27.8385
   31.2735  103.3974     16.25    5.1695    5.3533  227.1609   27.8397
   31.2985  103.3557     18.75    5.1688    5.3531   227.175   27.8409
   31.3234   103.314     21.25     5.168    5.3529  227.1891   27.8422
   31.3484  103.2723     23.75    5.1673    5.3527  227.2031   27.8434
   31.3733  103.2305     26.25    5.1666    5.3525  227.2172   27.8446
   31.3983  103.1887     28.75    5.1659    5.3522  227.2312   27.8459
   31.0947  103.6095      1.25     4.393    5.3066  229.9146   28.1063
   31.1198   103.568      3.75    4.3923    5.3064  229.9287   28.1078
   31.1448  103.5264      6.25    4.3916    5.3061  229.9428   28.1094
   31.1699  103.4848      8.75    4.3909    5.3058  229.9569   28.1109
   31.1949  103.4432     11.25    4.3903    5.3056   229.971   28.1125
   31.2199  103.4015     13.75    4.3896    5.3053  229.9852    28.114
   31.2449  103.3599     16.25    4.3889     5.305  229.9993   28.1156
   31.2699  103.3182     18.75    4.3882    5.3048  230.0134   28.1171
   31.2949  103.2765     21.25    4.3876    5.3045  230.0275   28.1187
   31.3198  103.2347     23.75    4.3869    5.3042  230.0417   28.1202
   31.3448   103.193     26.25    4.3862    5.3039  230.0558   28.1218
   31.3697  103.1512     28.75    4.3855    5.3037    230.07   28.1234
   31.0675  103.5709      1.25    5.1416    5.2814  231.2286   28.2529
   31.0925  103.5293      3.75    5.1408    5.2811  231.2428   28.2546
   31.1176  103.4877      6.25      5.14    5.2808   231.257   28.2563
   31.1426  103.4461      8.75    5.1391    5.2805  231.2711    28.258
   31.1677  103.4045     11.25    5.1383    5.2802  231.2853   28.2597
   31.1927  103.3629     13.75    5.1375    5.2799  231.2995   28.2614
   31.2177  103.3212     16.25    5.1367    5.2796  231.3136   28.2631
   31.2427  103.2795     18.75    5.1359    5.2793  231.3278   28.2648
   31.2676  103.2378     21.25    5.1351     5.279   231.342   28.2665
   31.2926  103.1961     23.75    5.1342    5.2787  231.3562   28.2682
   31.3175  103.1543     26.25    5.1334    5.2784  231.3704   28.2699
   31.3425  103.1125     28.75    5.1326    5.2781  231.3846   28.2717
   31.0384   103.532      1.25    4.6967    5.3695  226.2192   27.7486
   31.0634  103.4905      3.75    4.6961    5.3693  226.2331   27.7497
   31.0885  103.4489      6.25    4.6954    5.3691  226.2471   27.7508
   31.1135  103.4073      8.75    4.6948    5.3689  226.2611    27.752
   31.1386  103.3657     11.25    4.6942    5.3687  226.2751   27.7531
   31.1636   103.324     13.75    4.6935    5.3685  226.2891   27.7542
   31.1886  103.2824     16.25    4.6929    5.3683  226.3031   27.7554
   31.2136  103.2407     18.75    4.6922    5.3681  226.3171   27.7565
   31.2385   103.199     21.25    4.6916    5.3679  226.3312   27.7576
   31.2635  103.1572     23.75     4.691    5.3677  226.3452   27.7588
   31.2884  103.1155     26.25    4.6903    5.3675  226.3592   27.7599
   31.3134  103.0737     28.75    4.6897    5.3673  226.3732   27.7611
   31.0091  103.4971      1.25    4.6198    5.3851  225.1333   27.6615
   31.0342  103.4555      3.75    4.6192    5.3849  225.1473   27.6625
   31.0592  103.4139      6.25    4.6186    5.3847  225.1612   27.6636
   31.0843  103.3723      8.75     4.618    5.3845  225.1752   27.6646
   31.1093  103.3307     11.25    4.6174    5.3843  225.1892   27.6656
   31.1343  103.2891     13.75    4.6168    5.3842  225.2032   27.6666
   31.1593  103.2474     16.25    4.6162     5.384  225.2172   27.6676
   31.1843  103.2057     18.75    4.6156    5.3838  225.2312   27.6686
   31.2093   103.164     21.25     4.615    5.3836  225.2452   27.6697
   31.2342  103.1223     23.75    4.6144    5.3834  225.2592   27.6707
   31.2592  103.0805     26.25    4.6138    5.3832  225.2732   27.6717
   31.2841  103.0387     28.75    4.6132    5.3831  225.2872   27.6727
   30.9794  103.4595      1.25    5.1231    5.3204  229.3213   28.0269
   31.0045   103.418      3.75    5.1224    5.3202  229.3353   28.0283
   31.0295  103.3764      6.25    5.1216    5.3199  229.3494   28.0298
   31.0546  103.3348      8.75    5.1208    5.3197  229.3634   28.0313
   31.0796  103.2932     11.25    5.1201    5.3194  229.3775   28.0328
   31.1046  103.2515     13.75    5.1193    5.3192  229.3915   28.0342
   31.1296  103.2099     16.25    5.1185    5.3189  229.4056   28.0357
   31.1546  103.1682     18.75    5.1178    5.3186  229.4196   28.0372
   31.1796  103.1265     21.25     5.117    5.3184  229.4337   28.0387
   31.2045  103.0847     23.75    5.1162    5.3181  229.4478   28.0402
   31.2295   103.043     26.25    5.1155    5.3179  229.4619   28.0417
   31.2544  103.0012     28.75    5.1147    5.3176  229.4759   28.0431
   30.9491   103.422      1.25    4.7222    5.4022  223.8511   27.5662
   30.9741  103.3805      3.75    4.7216    5.4021   223.865   27.5671
   30.9992  103.3389      6.25     4.721    5.4019   223.879   27.5679
   31.0242  103.2973      8.75    4.7205    5.4017   223.893   27.5688
   31.0493  103.2557     11.25    4.7199    5.4016  223.9069   27.5697
   31.0743   103.214     13.75    4.7193    5.4014  223.9209   27.5706
   31.0993  103.1723     16.25    4.7187    5.4013  223.9349   27.5715
   31.1243  103.1307     18.75    4.7181    5.4011  223.9489   27.5724
   31.1492  103.0889     21.25    4.7175    5.4009  223.9629   27.5733
   31.1742  103.0472     23.75    4.7169    5.4008  223.9769   27.5741
   31.1991  103.0055     26.25    4.7163    5.4006  223.9908    27.575
   31.2241  102.9637     28.75    4.7157    5.4005  224.0048   27.5759
   30.9189  103.3861      1.25    4.8694    5.3566  227.2806   27.8213
    30.944  103.3446      3.75    4.8687    5.3564  227.2946   27.8225
    30.969   103.303      6.25     4.868    5.3561  227.3086   27.8238
   30.9941  103.2614      8.75    4.8674    5.3559  227.3225    27.825
   31.0191  103.2198     11.25    4.8667    5.3557  227.3365   27.8262
   31.0441  103.1781     13.75     4.866    5.3555  227.3505   27.8275
   31.0691  103.1365     16.25    4.8653    5.3553  227.3645   27.8287
   31.0941  103.0948     18.75    4.8646     5.355  227.3785     27.83
   31.1191  103.0531     21.25    4.8639    5.3548  227.3925   27.8312
    31.144  103.0113     23.75    4.8633    5.3546  227.4064   27.8325
    31.169  102.9696     26.25    4.8626    5.3544  227.4204   27.8338
   31.1939  102.9278     28.75    4.8619    5.3542  227.4344    27.835
   30.8887  103.3491      1.25    4.8726    5.3802  225.7283   27.6884
   30.9138  103.3075      3.75    4.8719    5.3801  225.7422   27.6895
   30.9389   103.266      6.25    4.8713    5.3799  225.7562   27.6906
   30.9639  103.2244      8.75    4.8706    5.3797  225.7701   27.6916
   30.9889  103.1827     11.25      4.87    5.3795  225.7841   27.6927
   31.0139  103.1411     13.75    4.8693    5.3793   225.798   27.6938
   31.0389  103.0994     16.25    4.8687    5.3791   225.812   27.6949
   31.0639  103.0577     18.75     4.868    5.3789  225.8259    27.696
   31.0889   103.016     21.25    4.8674    5.3787  225.8399   27.6971
   31.1139  102.9743     23.75    4.8667    5.3785  225.8538   27.6981
   31.1388  102.9325     26.25    4.8661    5.3783  225.8678   27.6992
   31.1637  102.8908     28.75    4.8654    5.3781  225.8818   27.7003
   30.8582  103.3159      1.25    4.4254    5.4372  220.2592   27.3742
   30.8833  103.2743      3.75     4.425    5.4371  220.2733   27.3747
   30.9084  103.2327      6.25    4.4245     5.437  220.2873   27.3752
   30.9334  103.1911      8.75     4.424    5.4369  220.3014   27.3757
   30.9584  103.1495     11.25    4.4235    5.4368  220.3154   27.3762
   30.9835  103.1078     13.75    4.4231    5.4367  220.3295   27.3768
   31.0085  103.0662     16.25    4.4226    5.4366  220.3435   27.3773
   31.0334  103.0245     18.75    4.4221    5.4365  220.3576   27.3778
   31.0584  102.9828     21.25    4.4216    5.4364  220.3716   27.3783
   31.0834   102.941     23.75    4.4211    5.4363  220.3857   27.3789
   31.1083  102.8993     26.25    4.4207    5.4362  220.3997   27.3794
   31.1332  102.8575     28.75    4.4202    5.4361  220.4138   27.3799
   30.8255  103.2824      1.25    5.2582    5.4222  222.2406   27.4561
   30.8506  103.2408      3.75    5.2576    5.4221  222.2546   27.4568
   30.8757  103.1992      6.25     5.257    5.4219  222.2685   27.4575
   30.9007  103.1576      8.75    5.2564    5.4218  222.2825   27.4582
   30.9257   103.116     11.25    5.2558    5.4217  222.2965   27.4589
   30.9508  103.0744     13.75    5.2551    5.4215  222.3104   27.4597
   30.9758  103.0327     16.25    5.2545    5.4214  222.3244   27.4604
   31.0007   102.991     18.75    5.2539    5.4213  222.3384   27.4611
   31.0257  102.9493     21.25    5.2533    5.4211  222.3523   27.4618
   31.0507  102.9076     23.75    5.2527     5.421  222.3663   27.4626
   31.0756  102.8658     26.25    5.2521    5.4209  222.3803   27.4633
   31.1005   102.824     28.75    5.2515    5.4207  222.3943    27.464
   30.7936  103.2484      1.25    4.3516    5.4193  222.6335    27.472
   30.8187  103.2069      3.75    4.3511    5.4191  222.6474   27.4728
   30.8438  103.1653      6.25    4.3505     5.419  222.6613   27.4735
   30.8688  103.1237      8.75      4.35    5.4189  222.6753   27.4743
   30.8938  103.0821     11.25    4.3495    5.4187  222.6892   27.4751
   30.9188  103.0404     13.75     4.349    5.4186  222.7032   27.4758
   30.9438  102.9988     16.25    4.3485    5.4185  222.7171   27.4766
   30.9688  102.9571     18.75     4.348    5.4183  222.7311   27.4773
   30.9938  102.9154     21.25    4.3474    5.4182   222.745   27.4781
   31.0188  102.8736     23.75    4.3469     5.418   222.759   27.4789
   31.0437  102.8319     26.25    4.3464    5.4179  222.7729   27.4796
   31.0686  102.7901     28.75    4.3459    5.4178  222.7869   27.4804
