   iter.      cost_function
       0  1.000000000000000
       1  0.988117723840930
       2  0.964954260677450
       3  0.942733815234228
       4  0.916064863539034
       5  0.903465654488401
       6  0.791272261242380
       7  0.782077022259897
       8  0.710937828521207
       9  0.700832251642004
      10  0.660078218181471
      11  0.653037231787661
      12  0.385043639002885
      13  0.379853285721289
      14  0.370341244682518
      15  0.366997648689043
      16  0.292468804204344
      17  0.289433804437772
      18  0.281006568888140
      19  0.278616915037677
      20  0.144772611263460
      21  0.140079221577866
      22  0.138125243660249
      23  0.135601681434443
      24  0.134833547583336
      25  0.121866789493439
      26  0.119158253455644
      27  0.118169085324542
      28  0.116751103838450
      29  0.116080100208061
      30  0.038807470788626
      31  0.037791525932860
      32  0.035353317902200
      33  0.034570928480051
      34  0.033773955489199
      35  0.033562488822458
      36  0.030552793380317
      37  0.029427806977324
      38  0.029136841263086
      39  0.028931068584006
      40  0.028145045441187
      41  0.028014281607932
      42  0.043919982127907
      42  0.036183258147678
      42  0.030038521562703
      42  0.028184382881019
      42  0.028004716282780
      43  0.027969381196605
      44  0.027896439962202
      45  0.027865101577658
      46  0.027569283426908
      47  0.027544762511810
      48  0.027373714712204
      49  0.027336868681061
      50  0.026862725756246
      51  0.026837187595505
      52  0.026752273766103
      53  0.026720101932614
      54  0.019238781285512
      55  0.019150159148776
      56  0.019043477776534
      57  0.019016239505215
      58  0.018946626504202
      59  0.018936615168433
      60  0.018667180761865
      61  0.018650748548544
      62  0.018625734974453
      63  0.018616759361068
      64  0.018497936710493
      65  0.018488907443361
      66  0.018458257641492
      67  0.018448461135694
      68  0.017655438445417
      69  0.017646350507661
      70  0.017618656057911
      71  0.017599827851964
      72  0.017559612229930
      73  0.017550638555547
      74  0.017461806504058
      75  0.017455036488109
      76  0.016907431350487
      77  0.016897326292292
      78  0.016889080245809
      79  0.016877045513217
      80  0.016844321644256
      81  0.016837806021612
      82  0.010429239440094
      83  0.010285815305478
      84  0.010059812343092
      85  0.009939330912896
      86  0.009835156006021
      87  0.009810903046351
      88  0.009686937444768
      89  0.009680501766208
      90  0.009590608118540
      91  0.009583960408393
      92  0.009579812900540
      93  0.009560227599704
      94  0.009536444493492
      95  0.009505141464354
      96  0.009495143987067
      97  0.009477401972281
      98  0.009475497726813
      99  0.009708585998497
      99  0.009480622423071
      99  0.009474770929101
     100  0.009472948430134
     101  0.009468893298500
     102  0.009467531240151
     103  0.009458702038639
     104  0.009457648004184
     105  0.009448005080575
     106  0.009446447879379
     107  0.009443412284336
     108  0.009442219019148
     109  0.009384746073238
     110  0.009383785964883
     111  0.009381396926972
     112  0.009377345053163
     113  0.009375979888794
     114  0.009357552184791
     115  0.009356559914889
     116  0.009354737926093
     117  0.009210325434702
     118  0.009209441256857
     119  0.009208041620169
     120  0.009204031565459
     121  0.009203047891086
     122  0.009191609975672
     123  0.009190767140527
     124  0.009184617423491
     125  0.009183459017253
     126  0.008168821111612
     127  0.008166953509655
     128  0.008164722374489
     129  0.008163331443469
     130  0.008159685811623
     131  0.008158635790295
     132  0.008130838591090
     133  0.008129676370911
     134  0.008126908419730
     135  0.008126127717110
     136  0.008118618910676
     137  0.008117081849200
     138  0.008113765320386
     139  0.008113109258096
     140  0.008071044890524
     141  0.008070050606201
     142  0.008069367481723
     143  0.008065784371709
     144  0.008064907361810
     145  0.008063657700662
     146  0.008063019777622
     147  0.008073577440306
     147  0.008062500558244
     148  0.008061971283403
     149  0.008056878566152
     150  0.008055667701804
     151  0.008054251538624
     152  0.008053325443287
     153  0.008045402637687
     154  0.008044812888315
     155  0.008044129699626
     156  0.008031931175123
     157  0.008031413897537
     158  0.008029191415931
     159  0.008028061315259
     160  0.008026289335266
     161  0.008025725614936
     162  0.007968584099017
     163  0.007968096629008
     164  0.007967198024772
     165  0.007963859488099
     166  0.007963243608005
     167  0.007942872859061
     168  0.007942377178636
     169  0.007941541698320
     170  0.007938230187248
     171  0.007937652287275
     172  0.007929653591851
     173  0.007929179535178
     174  0.007926959942893
     175  0.007926075504463
     176  0.007822315834407
     177  0.007821776899659
     178  0.007821178507232
     179  0.007819945494175
     180  0.007819463232299
     181  0.007796872429401
     182  0.007796223282708
     183  0.007795050229988
     184  0.007794596949343
     185  0.007789419551814
     186  0.007787876540753
     187  0.007787390288683
     188  0.007619611419080
     189  0.007619147985489
     190  0.007618408899046
     191  0.007616679480577
     192  0.007616257062811
     193  0.007613042137882
     194  0.007612383682532
     195  0.007606496013228
     196  0.007605961205723
     197  0.007604753260964
     198  0.007604272518757
     199  0.005865654140799
     200  0.005856922333695
     201  0.005840258469697
     202  0.005811806698880
     203  0.005807374326647
     204  0.005796003280636
     205  0.005793620312144
     206  0.005763290439369
     207  0.005762506506432
     208  0.005761125262963
     209  0.005755681798423
     210  0.005755174357092
     211  0.005754466123628
     212  0.005752197771375
     213  0.005751856383688
     214  0.005731297939690
     215  0.005730952296585
     216  0.005730526982873
     217  0.005729690873224
     218  0.005729432028693
     219  0.005715762932192
     220  0.005715366977159
     221  0.005713425458800
     222  0.005712990882262
     223  0.005712062432295
     224  0.005711808867329
     225  0.005706096939940
     226  0.005705895049807
     227  0.005705343276946
     228  0.005702005575076
     229  0.005701728014167
     230  0.005701303532978
     231  0.005701022755483
     232  0.005643649670454
     233  0.005643243512927
     234  0.005642809186418
     235  0.005640575314460
     236  0.005640377742196
     237  0.005639463530976
     238  0.005639134819595
     239  0.005638952087536
     240  0.005562881569371
     241  0.005560335824579
     242  0.005554069530515
     243  0.005545614120935
     244  0.005544934346033
     245  0.005543886349284
     246  0.005543438846819
     247  0.005537017316834
     248  0.005536664689310
     249  0.005533402081966
     250  0.005533120926553
     251  0.005532882024291
     252  0.005532078089305
     253  0.005531910337583
     254  0.005511317222710
     255  0.005511071090291
     256  0.005510599347183
     257  0.005510266559442
     258  0.005509884733157
     259  0.005509702283389
     260  0.005502357239748
     261  0.005502116469377
     262  0.005499475229581
     263  0.005498921193510
     264  0.005498769031749
     265  0.005476867567759
     266  0.005476092710607
     267  0.005474330695033
     268  0.005474019085834
     269  0.005472268164098
     270  0.005472071250652
     271  0.005471621117663
     272  0.005471454160047
     273  0.005473540607493
     273  0.005471299225917
     274  0.005471165433457
     275  0.005470734218444
     276  0.005470453741993
     277  0.005469012916459
     278  0.005468862557389
     279  0.005468653856892
     280  0.005467422806048
     281  0.005467294435151
     282  0.005464748732923
     283  0.005464550592843
     284  0.005464226555384
     285  0.005464058752994
     286  0.005462003721603
     287  0.005461871013275
     288  0.005461146550001
     289  0.005460881945102
     290  0.005457567922836
     291  0.005457431608611
     292  0.005457102930412
     293  0.005456924391853
     294  0.004285755134216
     295  0.004284681685723
     296  0.004281085727439
     297  0.004280311763842
     298  0.004279024746791
     299  0.004276555006171
     300  0.004276098931817
     301  0.004266256449887
     302  0.004265851279183
     303  0.004265402525104
     304  0.004264698101283
     305  0.004264504367015
     306  0.004261311371236
     307  0.004261114132848
     308  0.004260292935274
     309  0.004260159769297
     310  0.004254088937310
     311  0.004253940324195
     312  0.004253700248692
     313  0.004253363770638
     314  0.004253258678689
     315  0.004251632219014
     316  0.004251495071182
     317  0.004250952087031
     318  0.004250843858195
     319  0.004242735607809
     320  0.004242630758864
     321  0.004242273207517
     322  0.004242160965826
     323  0.004241611019342
     324  0.004241520650167
     325  0.004240560553442
     326  0.004240433954437
     327  0.004240346580525
     328  0.004133512908882
     329  0.004132449074336
     330  0.004130445133844
     331  0.004129138150072
     332  0.004128562953749
     333  0.004126457215057
     334  0.004126133627198
     335  0.004119256744657
     336  0.004118247156323
     337  0.004117171149634
     338  0.004116896456433
     339  0.004115471680634
     340  0.004115357610051
     341  0.004107684732680
     342  0.004107317866008
     343  0.004107018796373
     344  0.004106563921275
     345  0.004106416685584
     346  0.004104473969035
     347  0.004104372573321
     348  0.004103979802325
     349  0.004103904601868
     350  0.004095300073606
     351  0.004093087300642
     352  0.004092137899985
     353  0.004087932544744
     354  0.004087609566807
     355  0.004087396038349
     356  0.004086887637743
     357  0.004086800469504
     358  0.004089362582921
     358  0.004086674246992
     359  0.004086576761990
     360  0.004086080616895
     361  0.004086015537007
     362  0.004085854731040
     363  0.004085792584251
     364  0.004085170867496
     365  0.004085117372878
     366  0.004084576980408
     367  0.004084483548591
     368  0.004084414404894
     369  0.004083004046144
     370  0.004082954187292
     371  0.004082788883893
     372  0.004082659433481
     373  0.004082597734301
     374  0.004083747617168
     374  0.004082556344352
     375  0.004082512362604
     376  0.004082399405137
     377  0.004082349551289
     378  0.004082075153776
     379  0.004081989240678
     380  0.004081820114675
     381  0.004081773067870
     382  0.004079917917064
     383  0.004079872817189
     384  0.004079698910592
     385  0.004079637161261
     386  0.004078837326500
     387  0.004078793902272
     388  0.004078689675535
     389  0.004078249901594
     390  0.004078194029089
     391  0.004078115375079
     392  0.004075680158487
     393  0.004075637791688
     394  0.004075576003215
     395  0.004075246882890
     396  0.004075200018143
     397  0.004069886237994
     398  0.004069830365404
     399  0.004069735668122
     400  0.004069690145680
     401  0.004069464702400
     402  0.004069398047078
     403  0.004069246705565
     404  0.004069203798086
     405  0.004061947209319
     406  0.004061901040756
     407  0.004061651186639
     408  0.004061601983223
     409  0.004061233491475
     410  0.004061192574993
     411  0.004061060051109
     412  0.004060486546762
     413  0.004060415607881
     414  0.004060363814021
     415  0.004059007969908
     416  0.004058966146411
     417  0.004058858101361
     418  0.004058681049064
     419  0.004058637675323
     420  0.004029450564903
     421  0.004029397031314
     422  0.004029355766398
     423  0.004029272847885
     424  0.004028901049183
     425  0.004028862087670
     426  0.004028677132635
     427  0.004028602389337
     428  0.004027246997071
     429  0.004027190907728
     430  0.004027126028147
     431  0.004026911854865
     432  0.004026868845065
     433  0.004023369267067
     434  0.004023329694484
     435  0.004023239188050
     436  0.004023170299663
     437  0.004022537067689
     438  0.004022489832227
     439  0.004022379591910
     440  0.004022339473697
     441  0.003329307764576
     442  0.003327085107109
     443  0.003323237110344
     444  0.003321173222845
     445  0.003304680059852
     446  0.003304015233208
     447  0.003301227759179
     448  0.003299285576427
     449  0.003298504731245
     450  0.003288675567879
     451  0.003288401245151
     452  0.003287577744917
     453  0.003287224293947
     454  0.003273452147140
     455  0.003273313361480
     456  0.003273063958764
     457  0.003272736911123
     458  0.003272591957857
     459  0.003268163526581
     460  0.003268062761613
     461  0.003267333286719
     462  0.003267201898028
     463  0.003265491370059
     464  0.003265400012931
     465  0.003265002268625
     466  0.003264882980339
     467  0.003254123013491
     468  0.003254059516956
     469  0.003253952286812
     470  0.003253812706492
     471  0.003253739014299
     472  0.003253042479268
     473  0.003252983247140
     474  0.003242385986150
     475  0.003242326027902
     476  0.003242172875439
     477  0.003242126988303
     478  0.003241830844694
     479  0.003241758829506
     480  0.003241574252570
     481  0.003241524094929
     482  0.003232475595827
     483  0.003232388642705
     484  0.003232222593323
     485  0.003232110209835
     486  0.003231917359261
     487  0.003231863532472
     488  0.003231081852137
     489  0.003231045314276
     490  0.003230681362440
     491  0.003230623454705
     492  0.003230164795988
     493  0.003230126880044
     494  0.003229948417564
     495  0.003229901433701
     496  0.003228679784679
     497  0.003228646697665
     498  0.003228570718715
     499  0.003228352225696
     500  0.003228311067899
     501  0.003219067633887
     502  0.003219038681289
     503  0.003218990001669
     504  0.003218948543907
     505  0.003218886432877
     506  0.003218857343471
     507  0.003204684748117
     508  0.003204418665613
     509  0.003203597099488
     510  0.003203141541819
     511  0.003202964253954
     512  0.003202242739542
     513  0.003202185909435
     514  0.003201158183427
     515  0.003201123200237
     516  0.003201051372031
     517  0.003200995415622
     518  0.003200864356090
     519  0.003200837018164
     520  0.003199422441139
     521  0.003199397185121
     522  0.003199354435584
     523  0.003199200994255
     524  0.003199178957284
     525  0.003198096547197
     526  0.003198068638553
     527  0.003198043284850
     528  0.003197781514743
     529  0.003197760799765
     530  0.003197678047242
     531  0.003197580511308
     532  0.003197549163805
     533  0.003162040552442
     534  0.003161923571349
     535  0.003161659474519
     536  0.003161544843074
     537  0.003161328125806
     538  0.003161238796197
     539  0.003160524182792
     540  0.003160500151896
     541  0.003160293108305
     542  0.003160271245272
     543  0.003160193225781
     544  0.003160157065663
     545  0.003159734753171
     546  0.003159716359961
     547  0.003159665412186
     548  0.003159627664158
     549  0.003157831586143
     550  0.003157813312283
     551  0.003157790328606
     552  0.003157630345745
     553  0.003157610289105
     554  0.003157257845984
     555  0.003157240128474
     556  0.003157212089063
     557  0.003085113713470
     558  0.003084616126925
     559  0.003083785013499
     560  0.003083315931067
     561  0.003082015905745
     562  0.003081763271722
     563  0.003080432489265
     564  0.003079932031225
     565  0.003079695836040
     566  0.003076789155962
     567  0.003076743950028
     568  0.003076660263623
     569  0.003076373210353
     570  0.003076326240732
     571  0.003074253672726
     572  0.003074219773539
     573  0.003074154105545
     574  0.003074112037227
     575  0.003073827523347
     576  0.003073804177603
     577  0.003071228587400
     578  0.003071180421039
     579  0.003071113096184
     580  0.003071085075220
     581  0.003070995405598
     582  0.003070973570272
     583  0.003071043897780
     583  0.003070952759206
     584  0.003070930128076
     585  0.003070863646602
     586  0.003070846355262
     587  0.003070715075862
     588  0.003070687357661
     589  0.003070630945031
     590  0.003070612889937
     591  0.003070206107079
     592  0.003070190914876
     593  0.003070104051977
     594  0.003070081867197
     595  0.003069267640209
     596  0.003069249572609
     597  0.003069209467797
     598  0.003069189071055
     599  0.003068958628612
     600  0.003068942919296
     601  0.003057363124445
     602  0.003057345377051
     603  0.003057306837290
     604  0.003057283009128
     605  0.003057245152316
     606  0.003057229374001
     607  0.003057134279078
     608  0.003057060045861
     609  0.003057042389133
     610  0.003056823126284
     611  0.003056808462427
     612  0.003056760097587
     613  0.003056294737482
     614  0.003056275681324
     615  0.003056250889833
     616  0.003056235554095
     617  0.003061611726363
     617  0.003056229418577
     618  0.003056215123515
     619  0.003056186181369
     620  0.003056144949869
     621  0.003056128624854
     622  0.003056021601472
     623  0.003056009112659
     624  0.003055944183486
     625  0.003055921362206
     626  0.003055781449940
     627  0.003055767283938
     628  0.003055742404192
     629  0.003055270725683
     630  0.003055257915103
     631  0.003055238735516
     632  0.003055128454105
     633  0.003055115677318
     634  0.003054557801933
     635  0.003054543065538
     636  0.003054515761555
     637  0.003054503352905
     638  0.003054308586106
     639  0.003054285118101
     640  0.003054266196874
     641  0.003054214639248
     642  0.003054202644952
     643  0.003049275192357
     644  0.003049259321462
     645  0.003049224212807
     646  0.003049211050549
     647  0.003049136142027
     648  0.003049122143083
     649  0.003048783919515
     650  0.003048772318071
     651  0.003048732601372
     652  0.003048678953975
     653  0.003048661882804
     654  0.003047311619619
     655  0.003047298820102
     656  0.003047278341558
     657  0.003047256544389
     658  0.003047240229677
     659  0.003047092569286
     660  0.003047080817281
     661  0.003044882928913
     662  0.003044852219980
     663  0.003044839952243
     664  0.003044780141621
     665  0.003044765664669
     666  0.003044723346402
     667  0.003044711506437
     668  0.003040566053822
     669  0.003040549886847
     670  0.003040517259554
     671  0.003040504973042
     672  0.003040388494757
     673  0.003040374746873
     674  0.003040292364591
     675  0.003040280847393
     676  0.003040044386544
     677  0.003040021870964
     678  0.003040002597121
     679  0.003039834045153
     680  0.003039821288377
     681  0.003039786120282
     682  0.003039770799826
     683  0.003036904887652
     684  0.003036893450372
     685  0.003036865097966
     686  0.003036802750648
     687  0.003036787967406
     688  0.003036667288734
     689  0.003036655431050
     690  0.003036616707795
     691  0.003036592198054
     692  0.003036003747054
     693  0.003035992160845
     694  0.003035974330879
     695  0.003034981322469
     696  0.003034968271713
     697  0.003034950905189
     698  0.003034913379036
     699  0.003034901666149
     700  0.003016504967508
     701  0.003016490027958
     702  0.003016442559847
     703  0.003016430794956
     704  0.003016357474966
     705  0.003016336915616
     706  0.003016312901330
     707  0.003016296582658
     708  0.003016054574095
     709  0.003016043437855
     710  0.003015980428428
     711  0.003015968009190
     712  0.003015691008241
     713  0.003015676717089
     714  0.003015647019385
     715  0.003015629387422
     716  0.003015540319389
     717  0.003015528326440
     718  0.003000081081407
     719  0.003000069816230
     720  0.003000043817787
     721  0.003000023416316
     722  0.002999973821261
     723  0.002999960801512
     724  0.002999630352467
     725  0.002999618375550
     726  0.002999537670027
     727  0.002999524484011
     728  0.002999493088468
     729  0.002999477552492
     730  0.002999079551223
     731  0.002999068622404
     732  0.002998973547880
     733  0.002998957354862
     734  0.002998936387754
     735  0.002998923520872
     736  0.002997496917855
     737  0.002997485784514
     738  0.002997435985081
     739  0.002997413756170
     740  0.002997401981993
     741  0.002996873049065
     742  0.002996861634308
     743  0.002996796431106
     744  0.002996771634410
     745  0.002996757448812
     746  0.002996619382439
     747  0.002996608561032
     748  0.002968179370268
     749  0.002968152741957
     750  0.002968110450211
     751  0.002968095450928
     752  0.002968047327511
     753  0.002968031470313
     754  0.002967900984813
     755  0.002967890245734
     756  0.002967839980474
     757  0.002967822500256
     758  0.002967626268299
     759  0.002967615390710
     760  0.002967587137872
     761  0.002967560604679
     762  0.002967547537891
     763  0.002966721862624
     764  0.002966711438708
     765  0.002966640838122
     766  0.002966626567326
     767  0.002966519086815
     768  0.002966507100945
     769  0.002966450255901
     770  0.002966433369341
     771  0.002966401173050
     772  0.002966390125877
     773  0.002646832141999
     774  0.002646271505630
     775  0.002645112125168
     776  0.002638616504577
     777  0.002638310729903
     778  0.002637860808084
     779  0.002636786036092
     780  0.002636554465767
     781  0.002627539685935
     782  0.002627438789163
     783  0.002627303088823
     784  0.002627113212229
     785  0.002627034768554
     786  0.002625013207918
     787  0.002624961782468
     788  0.002624318242669
     789  0.002624249779996
     790  0.002624094896804
     791  0.002624046917357
     792  0.002619223712642
     793  0.002619205315667
     794  0.002619166164636
     795  0.002619077336304
     796  0.002619053147774
     797  0.002618733469527
     798  0.002618714555953
     799  0.002618667398526
     800  0.002618651415039
     801  0.002615130767326
     802  0.002615116268455
     803  0.002615084990894
     804  0.002614991929977
     805  0.002614977908938
     806  0.002614958079659
     807  0.002614943208871
     808  0.002614823816774
     809  0.002614814279160
     810  0.002614426804993
     811  0.002614406424066
     812  0.002614391374446
     813  0.002614379658903
     814  0.002614316016613
     815  0.002614307702317
     816  0.002613609610478
     817  0.002613601981341
     818  0.002613573107309
     819  0.002613563888536
     820  0.002613398754037
     821  0.002613390255341
     822  0.002613366760074
     823  0.002613352206549
     824  0.002613343497744
     825  0.002609485575585
     826  0.002609478002455
     827  0.002609442187908
     828  0.002609430482675
     829  0.002609400398598
     830  0.002609392786539
     831  0.002609324824087
     832  0.002609317070476
     833  0.002609270118976
     834  0.002609262794566
     835  0.002609150009297
     836  0.002609140928536
     837  0.002609127473590
     838  0.002609120831418
     839  0.002593911972122
     840  0.002593678230380
     841  0.002593595792271
     842  0.002593338225774
     843  0.002593243370638
     844  0.002592165640141
     845  0.002592145899265
     846  0.002592097968798
     847  0.002591992982226
     848  0.002591970933688
     849  0.002591410060032
     850  0.002591400768980
     851  0.002591382987398
     852  0.002591347434121
     853  0.002591336140548
     854  0.002591069838726
     855  0.002591062335411
     856  0.002591041321285
     857  0.002591024833717
     858  0.002590960322946
     859  0.002590952150590
     860  0.002590436875201
     861  0.002590428439468
     862  0.002590421708883
     863  0.002590409881114
     864  0.002589193392239
     865  0.002589186350309
     866  0.002589175344693
     867  0.002589125945994
     868  0.002589117084603
     869  0.002589098534165
     870  0.002589092448889
     871  0.002588487650282
     872  0.002588470160289
     873  0.002588458234766
     874  0.002588398130236
     875  0.002588391418655
     876  0.002588316810956
     877  0.002588310605877
     878  0.002588277942773
     879  0.002588270470179
     880  0.002585047939583
     881  0.002585033132536
     882  0.002585000634053
     883  0.002584979181140
     884  0.002584941591275
     885  0.002584930650960
     886  0.002584803038541
     887  0.002584796259297
     888  0.002584730455710
     889  0.002584721918478
     890  0.002584703246091
     891  0.002584697184585
     892  0.002564433496033
     893  0.002562910568901
     894  0.002560187553097
     895  0.002559231562806
     896  0.002554566302019
     897  0.002553835728904
     898  0.002552031429229
     899  0.002551701758205
     900  0.002546662560626
     901  0.002546571065257
     902  0.002546509611574
     903  0.002545852761238
     904  0.002545827895260
     905  0.002545698285290
     906  0.002545652976277
     907  0.002545585697730
     908  0.002545564625179
     909  0.002544751225823
     910  0.002544743064662
     911  0.002544728144311
     912  0.002544612782437
     913  0.002544603568693
     914  0.002544586517352
     915  0.002544576108051
     916  0.002543640217472
     917  0.002543632936254
     918  0.002543608521542
     919  0.002543600803879
     920  0.002543511206193
     921  0.002543504045192
     922  0.002543472665000
     923  0.002543464247765
     924  0.002543302682635
     925  0.002543296832029
     926  0.002543279584087
     927  0.002543267766791
     928  0.002539223394099
     929  0.002539212172604
     930  0.002539195383122
     931  0.002539152446323
     932  0.002539142725622
     933  0.002539064008709
     934  0.002539054290322
     935  0.002539023773644
     936  0.002539016181538
     937  0.002538671445654
     938  0.002538662313277
     939  0.002538656541457
     940  0.002538607384823
     941  0.002538597277956
     942  0.002538340794923
     943  0.002538334386844
     944  0.002538322156074
     945  0.002538314765631
     946  0.002538276159711
     947  0.002538270741090
     948  0.002545152870990
     948  0.002538278579469
     948  0.002538267590490
     949  0.002538261843036
     950  0.002538256689425
     951  0.002538248541361
     952  0.002538245176310
     953  0.002538223714581
     954  0.002538219208859
     955  0.002538158307042
     956  0.002538155000144
     957  0.002538143631169
     958  0.002538139759510
     959  0.002538013472310
     960  0.002538009953525
     961  0.002538000851882
     962  0.002537994056319
     963  0.002537990753946
     964  0.002537612394853
     965  0.002537606889003
     966  0.002537598609231
     967  0.002537595437236
     968  0.002537575915948
     969  0.002537544351855
     970  0.002537540637564
     971  0.002537515812290
     972  0.002537512401103
     973  0.002537360610509
     974  0.002537356687851
     975  0.002537351939532
     976  0.002537339887477
     977  0.002537336733999
     978  0.002535977679342
     979  0.002535971479265
     980  0.002535964064263
     981  0.002535960413693
     982  0.002535944631467
     983  0.002535941418220
     984  0.002535874685582
     985  0.002535870309071
     986  0.002535856207700
     987  0.002535852981248
     988  0.002535613784640
     989  0.002535609163205
     990  0.002535602601718
     991  0.002535599095863
     992  0.002535556139308
     993  0.002535552974742
     994  0.002535539823279
     995  0.002535509025503
     996  0.002535504758065
     997  0.002535495460275
     998  0.002535491738272
     999  0.002532543846357
    1000  0.002532540739499
      Mw data_misfit cost_function mdl_roughness
  8.8351    0.035511  0.253254E-02  0.430026E-01
     1. rmsres/max/min:    0.0282   0.1012  -0.1999
     2. rmsres/max/min:    0.0487   0.2012  -0.1377
     3. rmsres/max/min:    0.0319   0.1822  -0.1411
  seg  mean_slp mean_rake   max_slp      rake   pos_lat   pos_lon     pos_z
    1      6.11     78.82     53.95     79.20     37.98    143.09     13.44
 ==================================
 Derived moment magnitude Mw =   8.8351 -   8.8377 (  8.8351)
 Ave/Std/Max stress change [MPa]: 
   1      2.4538      6.8847     25.9856
 Data-model correlation:   0.9997
