       latitude      longitude observation     resiual  prediction  correction
       34.29293      136.00264    -0.00630    -0.00023    -0.00607     0.00000
       35.08572      136.04120     0.02390     0.02598    -0.00208     0.00000
       34.71065      136.04189    -0.00210     0.00218    -0.00428     0.00000
       36.10973      136.04895     0.01130     0.00539     0.00591     0.00000
       34.56703      136.05039     0.00510     0.01015    -0.00505     0.00000
       35.46629      136.05367    -0.03930    -0.03983     0.00053     0.00000
       34.86933      136.05483    -0.00940    -0.00594    -0.00346     0.00000
       35.83684      136.05598     0.01130     0.00780     0.00350     0.00000
       35.31897      136.06283     0.01430     0.01488    -0.00058     0.00000
       35.60256      136.10581    -0.01800    -0.01941     0.00141     0.00000
       34.98638      136.14504     0.00710     0.01025    -0.00315     0.00000
       35.09473      136.15823    -0.01630    -0.01378    -0.00252     0.00000
       36.23117      136.17297    -0.02600    -0.03280     0.00680     0.00000
       34.49387      136.17315    -0.00130     0.00468    -0.00598     0.00000
       34.74287      136.18345     0.03180     0.03656    -0.00476     0.00000
       35.96889      136.18499    -0.01630    -0.02061     0.00431     0.00000
       35.79278      136.19739    -0.02670    -0.02940     0.00270     0.00000
       35.55733      136.19795    -0.02300    -0.02372     0.00072     0.00000
       34.06066      136.19836     0.02150     0.02938    -0.00788     0.00000
       35.26944      136.23561     0.01320     0.01485    -0.00165     0.00000
       35.42036      136.26475    -0.00420    -0.00356    -0.00064     0.00000
       36.14562      136.27894    -0.01430    -0.02005     0.00575     0.00000
       34.93073      136.29557    -0.01440    -0.01019    -0.00421     0.00000
       34.64875      136.32976    -0.01290    -0.00690    -0.00600     0.00000
       34.43314      136.33426    -0.01900    -0.01192    -0.00708     0.00000
       35.88822      136.33958     0.00560     0.00250     0.00310     0.00000
       34.20816      136.34293     0.02280     0.03088    -0.00808     0.00000
       36.22956      136.36165    -0.02530    -0.03170     0.00640     0.00000
       34.29793      136.38849    -0.02030    -0.01234    -0.00796     0.00000
       36.39446      136.38894    -0.01540    -0.02347     0.00807     0.00000
       34.85490      136.39326    -0.01040    -0.00523    -0.00517     0.00000
       34.60333      136.43194     0.01330     0.02008    -0.00678     0.00000
       35.35973      136.47031    -0.02950    -0.02745    -0.00205     0.00000
       34.42033      136.47446    -0.00340     0.00450    -0.00790     0.00000
       35.63615      136.48877     0.05130     0.05110     0.00020     0.00000
       34.75900      136.50229    -0.03040    -0.02407    -0.00633     0.00000
       35.10476      136.50376    -0.00800    -0.00387    -0.00413     0.00000
       35.98491      136.50492     0.02310     0.01962     0.00348     0.00000
       34.28507      136.54048     0.03430     0.04316    -0.00886     0.00000
       36.53727      136.54067     0.01590     0.00651     0.00939     0.00000
       35.48006      136.54529     0.02050     0.02193    -0.00143     0.00000
       35.37171      136.54974     0.00080     0.00315    -0.00235     0.00000
       34.54705      136.55066     0.01600     0.02374    -0.00774     0.00000
       35.22791      136.59344    -0.01940    -0.01568    -0.00372     0.00000
       36.37007      136.60533     0.00520    -0.00214     0.00734     0.00000
       35.63290      136.61139     0.01150     0.01189    -0.00039     0.00000
       34.43144      136.62840    -0.03200    -0.02325    -0.00875     0.00000
       36.16529      136.63395    -0.01150    -0.01645     0.00495     0.00000
       34.91380      136.63650    -0.01020    -0.00403    -0.00617     0.00000
       36.66341      136.64994    -0.00680    -0.01752     0.01072     0.00000
       35.90141      136.65774    -0.01980    -0.02183     0.00203     0.00000
       35.48832      136.68728     0.01320     0.01529    -0.00209     0.00000
       34.29661      136.69319     0.02450     0.03423    -0.00973     0.00000
       35.05091      136.69425     0.00060     0.00620    -0.00560     0.00000
       37.15674      136.71876    -0.01490    -0.03167     0.01677     0.00000
       34.49000      136.72823    -0.00830     0.00080    -0.00910     0.00000
       35.40513      136.72875     0.00540     0.00845    -0.00305     0.00000
       36.81748      136.75565    -0.00630    -0.01882     0.01252     0.00000
       37.00072      136.77271     0.01330    -0.00155     0.01485     0.00000
       35.72349      136.78462    -0.00860    -0.00820    -0.00040     0.00000
       35.30084      136.78882    -0.00200     0.00228    -0.00428     0.00000
       34.37358      136.80200     0.03530     0.04540    -0.01010     0.00000
       36.59209      136.80640    -0.00260    -0.01218     0.00958     0.00000
       34.25344      136.82061    -0.00550     0.00521    -0.01071     0.00000
       35.19011      136.82883     0.00240     0.00782    -0.00542     0.00000
       34.90438      136.83188    -0.00580     0.00166    -0.00746     0.00000
       34.46539      136.85113    -0.01660    -0.00658    -0.01002     0.00000
       34.98439      136.86275    -0.00230     0.00484    -0.00714     0.00000
       35.86694      136.86318    -0.03590    -0.03659     0.00069     0.00000
       34.82336      136.86764     0.01240     0.02062    -0.00822     0.00000
       37.38238      136.88917    -0.01060    -0.03046     0.01986     0.00000
       35.52607      136.90002     0.00630     0.00928    -0.00298     0.00000
       36.26147      136.90427     0.01680     0.01170     0.00510     0.00000
       37.22644      136.90877     0.01440    -0.00347     0.01787     0.00000
       37.85050      136.91927     0.01930    -0.00620     0.02550     0.00000
       36.40188      136.92056     0.01670     0.00988     0.00682     0.00000
       35.33476      136.92998    -0.02220    -0.01730    -0.00490     0.00000
       34.74005      136.93848     0.01190     0.02110    -0.00920     0.00000
       36.03305      136.95276     0.00560     0.00349     0.00211     0.00000
       35.16842      136.96580    -0.01600    -0.00950    -0.00650     0.00000
       35.75778      136.97530    -0.00040     0.00072    -0.00112     0.00000
       34.54391      136.98175     0.04120     0.05175    -0.01055     0.00000
       37.12316      136.99607     0.00770    -0.00884     0.01654     0.00000
       36.74062      136.99613    -0.01160    -0.02278     0.01118     0.00000
       36.91951      137.02643    -0.02380    -0.03746     0.01366     0.00000
       36.64956      137.03190    -0.01210    -0.02193     0.00983     0.00000
       37.43226      137.03394     0.01280    -0.00801     0.02081     0.00000
       35.12811      137.04128    -0.01910    -0.01174    -0.00736     0.00000
       34.99499      137.05978    -0.00450     0.00397    -0.00847     0.00000
       34.60924      137.06807     0.00020     0.01106    -0.01086     0.00000
       35.23909      137.07357    -0.02680    -0.02008    -0.00672     0.00000
       36.14026      137.08053    -0.03640    -0.03917     0.00277     0.00000
       35.36737      137.11023    -0.02160    -0.01572    -0.00588     0.00000
       34.79487      137.11900    -0.00990     0.00032    -0.01022     0.00000
       35.47870      137.12469     0.00610     0.01106    -0.00496     0.00000
       37.30697      137.13854     0.04850     0.02925     0.01925     0.00000
       36.33551      137.14717     0.01600     0.01097     0.00503     0.00000
       34.91734      137.15239    -0.01020    -0.00049    -0.00971     0.00000
       36.75795      137.15447     0.00700    -0.00409     0.01109     0.00000
       35.61209      137.17414     0.01830     0.02228    -0.00398     0.00000
       36.63434      137.19520     0.00130    -0.00783     0.00913     0.00000
       35.91163      137.20067    -0.00520    -0.00441    -0.00079     0.00000
       36.47280      137.23922    -0.02120    -0.02777     0.00657     0.00000
       35.80048      137.24837    -0.00270    -0.00025    -0.00245     0.00000
       35.30055      137.25232    -0.00300     0.00459    -0.00759     0.00000
       35.13875      137.25356    -0.01110    -0.00216    -0.00894     0.00000
       37.44603      137.27005     0.00420    -0.01728     0.02148     0.00000
       34.64866      137.27784    -0.00290     0.00942    -0.01232     0.00000
       34.91975      137.29994    -0.02310    -0.01218    -0.01092     0.00000
       35.52313      137.30909     0.00120     0.00715    -0.00595     0.00000
       35.03946      137.31316     0.01850     0.02870    -0.01020     0.00000
       34.78591      137.33877    -0.00270     0.00939    -0.01209     0.00000
       36.13599      137.34791    -0.01700    -0.01813     0.00113     0.00000
       36.28564      137.36302    -0.00270    -0.00586     0.00316     0.00000
       36.73696      137.36951     0.00010    -0.01003     0.01013     0.00000
       35.26197      137.40561    -0.02500    -0.01575    -0.00925     0.00000
       34.96748      137.42313    -0.00710     0.00459    -0.01169     0.00000
       35.65719      137.42477    -0.01560    -0.01010    -0.00550     0.00000
       34.86482      137.43400     0.00400     0.01646    -0.01246     0.00000
       36.57871      137.43990     0.00420    -0.00306     0.00726     0.00000
       34.68038      137.44245     0.01770     0.03129    -0.01359     0.00000
       35.81555      137.45088    -0.01380    -0.00994    -0.00386     0.00000
       35.39676      137.46757     0.00830     0.01689    -0.00859     0.00000
       36.92896      137.48723     0.01870     0.00574     0.01296     0.00000
       34.71805      137.51493    -0.02240    -0.00833    -0.01407     0.00000
       35.57509      137.52878    -0.04560    -0.03825    -0.00735     0.00000
       35.97346      137.53487     0.00450     0.00703    -0.00253     0.00000
       36.86434      137.55133     0.01390     0.00228     0.01162     0.00000
       34.80873      137.55434     0.00290     0.01684    -0.01394     0.00000
       35.10002      137.57533    -0.02700    -0.01480    -0.01220     0.00000
       34.93768      137.57549     0.01850     0.03185    -0.01335     0.00000
       35.24700      137.58767    -0.00180     0.00933    -0.01113     0.00000
       35.88000      137.59827    -0.00520    -0.00085    -0.00435     0.00000
       35.66123      137.62016     0.01090     0.01817    -0.00727     0.00000
       34.70212      137.63688     0.04780     0.06313    -0.01533     0.00000
       34.83533      137.67234     0.01650     0.03147    -0.01497     0.00000
       35.34373      137.67640     0.00220     0.01339    -0.01119     0.00000
       34.75204      137.68078     0.01300     0.02852    -0.01552     0.00000
       36.08466      137.68263    -0.00750    -0.00524    -0.00226     0.00000
       35.07929      137.69524     0.01610     0.02970    -0.01360     0.00000
       35.78362      137.69626     0.00820     0.01476    -0.00656     0.00000
       34.67231      137.72338    -0.00250     0.01386    -0.01636     0.00000
       35.94460      137.78544    -0.00340     0.00193    -0.00533     0.00000
       34.79284      137.79179     0.04210     0.05858    -0.01648     0.00000
       35.77753      137.81448     0.04250     0.05041    -0.00791     0.00000
       35.52109      137.81524    -0.01630    -0.00534    -0.01096     0.00000
       34.94134      137.81794     0.00910     0.02501    -0.01591     0.00000
       34.67188      137.82342     0.04110     0.05853    -0.01743     0.00000
       36.49977      137.85112    -0.00500    -0.00813     0.00313     0.00000
       35.16045      137.86876    -0.00730     0.00765    -0.01495     0.00000
       36.22837      137.87175     0.02560     0.02745    -0.00185     0.00000
       36.70647      137.87233     0.00940     0.00250     0.00690     0.00000
       37.04517      137.87385     0.01740     0.00366     0.01374     0.00000
       36.95087      137.89387     0.02410     0.01241     0.01169     0.00000
       36.32237      137.90282     0.02450     0.02506    -0.00056     0.00000
       34.75539      137.91128    -0.01490     0.00312    -0.01802     0.00000
       35.31714      137.92527     0.00170     0.01602    -0.01432     0.00000
       34.84386      137.93215    -0.00380     0.01401    -0.01781     0.00000
       34.67042      137.93744    -0.00730     0.01141    -0.01871     0.00000
       35.92358      137.94381    -0.01470    -0.00727    -0.00743     0.00000
       34.90205      137.94681     0.02220     0.03986    -0.01766     0.00000
       35.03152      137.98042     0.01430     0.03156    -0.01726     0.00000
       36.12111      137.98301    -0.03260    -0.02773    -0.00487     0.00000
       35.72629      137.98389     0.01300     0.02362    -0.01062     0.00000
       36.23903      137.98455     0.01360     0.01651    -0.00291     0.00000
       34.78595      138.01753    -0.02030    -0.00117    -0.01913     0.00000
       35.55613      138.03832     0.00830     0.02167    -0.01337     0.00000
       34.66641      138.04652     0.00330     0.02330    -0.02000     0.00000
       34.71525      138.05354    -0.02220    -0.00231    -0.01989     0.00000
       34.93980      138.07486     0.00000     0.01904    -0.01904     0.00000
       35.04488      138.08168    -0.00530     0.01318    -0.01848     0.00000
       35.87842      138.09571     0.01490     0.02496    -0.01006     0.00000
       36.70665      138.09673    -0.01220    -0.01716     0.00496     0.00000
       34.67992      138.09829     0.01640     0.03698    -0.02058     0.00000
       37.16079      138.10019     0.00060    -0.01448     0.01508     0.00000
       36.52360      138.12095    -0.01320    -0.01407     0.00087     0.00000
       34.64290      138.12929    -0.00340     0.01770    -0.02110     0.00000
       35.10391      138.13490    -0.02480    -0.00601    -0.01879     0.00000
       34.75776      138.13692     0.00000     0.02075    -0.02075     0.00000
       34.63454      138.15904     0.01870     0.04020    -0.02150     0.00000
       34.84941      138.17674    -0.05260    -0.03174    -0.02086     0.00000
       34.67775      138.18296    -0.00330     0.01835    -0.02165     0.00000
       35.32207      138.18578    -0.02720    -0.00940    -0.01780     0.00000
       36.86540      138.19867    -0.01580    -0.02327     0.00747     0.00000
       35.06697      138.20998     0.00040     0.02050    -0.02010     0.00000
       36.02616      138.21448     0.01630     0.02583    -0.00953     0.00000
       34.60315      138.21525     0.01690     0.03921    -0.02231     0.00000
       36.20847      138.21649    -0.00030     0.00616    -0.00646     0.00000
       34.73831      138.22560    -0.01050     0.01149    -0.02199     0.00000
       37.05668      138.24259     0.00460    -0.00700     0.01160     0.00000
       36.66515      138.24747     0.01160     0.00923     0.00237     0.00000
       34.95435      138.24990     0.00430     0.02563    -0.02133     0.00000
       35.20098      138.25351     0.04220     0.06200    -0.01980     0.00000
       37.81590      138.27307     0.03100     0.00147     0.02953     0.00000
       35.85598      138.31640     0.00620     0.01993    -0.01373     0.00000
       36.38618      138.32252     0.02220     0.02684    -0.00464     0.00000
       34.83617      138.33122     0.01200     0.03505    -0.02305     0.00000
       37.23112      138.33357     0.04900     0.03381     0.01519     0.00000
       36.13311      138.36204     0.01880     0.02888    -0.01008     0.00000
       36.26099      138.36604    -0.01060    -0.00280    -0.00780     0.00000
       35.10346      138.36870    -0.01620     0.00603    -0.02223     0.00000
       38.02369      138.36988     0.02690    -0.00708     0.03398     0.00000
       34.99052      138.37830     0.02170     0.04473    -0.02303     0.00000
       36.80171      138.43617     0.03600     0.03295     0.00305     0.00000
       35.90493      138.44421     0.01000     0.02525    -0.01525     0.00000
       35.44358      138.44525     0.00190     0.02275    -0.02085     0.00000
       35.28946      138.44570    -0.01520     0.00699    -0.02219     0.00000
       35.67369      138.45682    -0.01770     0.00089    -0.01859     0.00000
       37.10708      138.45736    -0.03350    -0.04420     0.01070     0.00000
       36.13064      138.46097    -0.01490    -0.00303    -0.01187     0.00000
       38.06328      138.47168     0.06590     0.03096     0.03494     0.00000
       36.28471      138.49928    -0.02470    -0.01500    -0.00970     0.00000
       38.31935      138.51309     0.03510    -0.00478     0.03988     0.00000
       34.98650      138.51568     0.00900     0.03422    -0.02522     0.00000
       37.34854      138.51637     0.01810     0.00140     0.01670     0.00000
       35.06741      138.52471    -0.00760     0.01737    -0.02497     0.00000
       36.50800      138.55271     0.03280     0.03877    -0.00597     0.00000
       35.36208      138.56343    -0.01560     0.00810    -0.02370     0.00000
       37.39768      138.57440     0.01440    -0.00310     0.01750     0.00000
       35.97415      138.58303    -0.00440     0.01249    -0.01689     0.00000
       35.59034      138.58330    -0.01990     0.00204    -0.02194     0.00000
       36.61632      138.59145    -0.00350     0.00067    -0.00417     0.00000
       35.46769      138.60687     0.02950     0.05312    -0.02362     0.00000
       37.07913      138.60872     0.01810     0.01023     0.00787     0.00000
       35.11715      138.60997    -0.01230     0.01388    -0.02618     0.00000
       35.20318      138.61699     0.04560     0.07142    -0.02582     0.00000
       36.85669      138.62425     0.01530     0.01391     0.00139     0.00000
       37.21211      138.63460     0.02320     0.01185     0.01135     0.00000
       36.34601      138.63780     0.00590     0.01716    -0.01126     0.00000
       35.64952      138.69038     0.00930     0.03280    -0.02350     0.00000
       35.74687      138.69513     0.01460     0.03707    -0.02247     0.00000
       37.53583      138.70694     0.01510    -0.00505     0.02015     0.00000
       35.17359      138.72154     0.01310     0.04105    -0.02795     0.00000
       35.36077      138.72730    -0.01570     0.01120    -0.02690     0.00000
       34.69025      138.76279    -0.02930     0.00076    -0.03006     0.00000
       35.30554      138.77067    -0.00910     0.01906    -0.02816     0.00000
       34.85503      138.77652    -0.01230     0.01778    -0.03008     0.00000
       37.49866      138.77954     0.03280     0.01471     0.01809     0.00000
       37.66752      138.78051     0.01380    -0.00957     0.02337     0.00000
       34.77607      138.78606    -0.01760     0.01277    -0.03037     0.00000
       37.31131      138.78998     0.03200     0.02006     0.01194     0.00000
       34.97057      138.79466     0.00610     0.03624    -0.03014     0.00000
       35.49659      138.81404    -0.02400     0.00369    -0.02769     0.00000
       36.99346      138.83084     0.04590     0.04483     0.00107     0.00000
       34.61000      138.83842     0.00920     0.04051    -0.03131     0.00000
       36.59138      138.84789     0.02590     0.03657    -0.01067     0.00000
       36.25903      138.86541    -0.01180     0.00679    -0.01859     0.00000
       34.71947      138.87647    -0.00070     0.03126    -0.03196     0.00000
       37.77699      138.88044     0.03080     0.00514     0.02566     0.00000
       35.32160      138.88165    -0.02100     0.00943    -0.03043     0.00000
       35.11002      138.90186     0.01690     0.04870    -0.03180     0.00000
       36.69703      138.90626    -0.01380    -0.00428    -0.00952     0.00000
       35.04724      138.90689    -0.03360    -0.00151    -0.03209     0.00000
       36.14275      138.91242     0.00180     0.02385    -0.02205     0.00000
       37.58974      138.92028     0.01640    -0.00254     0.01894     0.00000
       34.86559      138.92225    -0.03420    -0.00149    -0.03271     0.00000
       34.91611      138.92482    -0.04000    -0.00730    -0.03270     0.00000
       35.92993      138.92605     0.00080     0.02654    -0.02574     0.00000
       35.20439      138.92835    -0.05790    -0.02588    -0.03202     0.00000
       37.16604      138.93372    -0.02440    -0.02853     0.00413     0.00000
       34.69890      138.93933     0.01190     0.04495    -0.03305     0.00000
       36.77806      138.94482    -0.00580     0.00258    -0.00838     0.00000
       35.75387      138.94999    -0.00940     0.01914    -0.02854     0.00000
       35.11417      138.97387    -0.03420    -0.00090    -0.03330     0.00000
       35.62335      138.97585    -0.00880     0.02170    -0.03050     0.00000
       37.89647      138.98886     0.01350    -0.01467     0.02817     0.00000
       34.75135      138.98982    -0.02010     0.01388    -0.03398     0.00000
       35.01483      138.99793     0.01560     0.04961    -0.03401     0.00000
       37.46772      138.99801     0.02420     0.01105     0.01315     0.00000
       34.92182      139.01369     0.00540     0.03983    -0.03443     0.00000
       36.39535      139.01671     0.02220     0.04254    -0.02034     0.00000
       37.31987      139.02025     0.01250     0.00523     0.00727     0.00000
       35.51187      139.02578     0.00240     0.03505    -0.03265     0.00000
       35.41535      139.04518     0.00670     0.04043    -0.03373     0.00000
       35.24552      139.04934    -0.04870    -0.01413    -0.03457     0.00000
       36.53926      139.05673    -0.03920    -0.02081    -0.01839     0.00000
       37.66230      139.05912     0.01270    -0.00620     0.01890     0.00000
       36.83735      139.06085    -0.02020    -0.00986    -0.01034     0.00000
       36.23467      139.06664     0.00860     0.03379    -0.02519     0.00000
       34.94976      139.06990    -0.00250     0.03306    -0.03556     0.00000
       37.75206      139.07391     0.03620     0.01434     0.02186     0.00000
       35.98689      139.07569    -0.00490     0.02446    -0.02936     0.00000
       35.00685      139.08197     0.03560     0.07138    -0.03578     0.00000
       34.97186      139.10169    -0.00980     0.02641    -0.03621     0.00000
       35.14860      139.11044    -0.01990     0.01634    -0.03624     0.00000
       37.54034      139.11145    -0.02870    -0.04180     0.01310     0.00000
       34.87847      139.12436    -0.00410     0.03255    -0.03665     0.00000
       34.93931      139.13116     0.02050     0.05733    -0.03683     0.00000
       34.20048      139.13445     0.01000     0.04480    -0.03480     0.00000
       34.23991      139.13757    -0.01140     0.02362    -0.03502     0.00000
       35.26860      139.14241    -0.03450     0.00224    -0.03674     0.00000
       35.61027      139.15723    -0.04260    -0.00703    -0.03557     0.00000
       35.33621      139.16260     0.01020     0.04725    -0.03705     0.00000
       35.04063      139.17103    -0.01050     0.02721    -0.03771     0.00000
       35.88405      139.18220    -0.02420     0.00984    -0.03404     0.00000
       35.42852      139.20487    -0.02160     0.01625    -0.03785     0.00000
       34.33312      139.21094     0.02540     0.06197    -0.03657     0.00000
       36.76969      139.22490    -0.02750    -0.00867    -0.01883     0.00000
       37.82816      139.22604     0.02370     0.00235     0.02135     0.00000
       37.15762      139.24711     0.00200     0.00851    -0.00651     0.00000
       38.46539      139.25335     0.07390     0.03210     0.04180     0.00000
       36.26769      139.25464     0.02170     0.05337    -0.03167     0.00000
       34.37183      139.25791    -0.05240    -0.01489    -0.03751     0.00000
       35.30490      139.26269     0.01970     0.05944    -0.03974     0.00000
       35.72376      139.26813    -0.01910     0.01913    -0.03823     0.00000
       36.00374      139.26933    -0.05060    -0.01475    -0.03585     0.00000
       34.51963      139.27093    -0.01480     0.02365    -0.03845     0.00000
       35.48264      139.32258    -0.01630     0.02475    -0.04105     0.00000
       36.42163      139.33039    -0.00860     0.02374    -0.03234     0.00000
       36.12095      139.34517    -0.01080     0.02678    -0.03758     0.00000
       37.92938      139.35146     0.02370     0.00173     0.02197     0.00000
       34.73761      139.35859    -0.01070     0.03038    -0.04108     0.00000
       37.30280      139.36435    -0.00160     0.00440    -0.00600     0.00000
       35.80080      139.36597    -0.02400     0.01715    -0.04115     0.00000
       35.39149      139.36606    -0.04300    -0.00050    -0.04250     0.00000
       35.61643      139.36990    -0.01850     0.02363    -0.04213     0.00000
       34.78442      139.38139     0.01360     0.05535    -0.04175     0.00000
       37.03693      139.40223    -0.01190     0.00695    -0.01885     0.00000
       34.68679      139.43322    -0.02130     0.02104    -0.04234     0.00000
       34.76154      139.43402    -0.00570     0.03705    -0.04275     0.00000
       42.06050      139.44615     0.01420     0.00918     0.00502     0.00000
       38.05618      139.46168    -0.00960    -0.03337     0.02377     0.00000
       35.92550      139.46429    -0.02780     0.01653    -0.04433     0.00000
       35.32668      139.46607    -0.00580     0.03963    -0.04543     0.00000
       35.52141      139.46784     0.00020     0.04576    -0.04556     0.00000
       37.68591      139.47789    -0.01020    -0.01623     0.00603     0.00000
       34.07578      139.47881    -0.05250    -0.01359    -0.03891     0.00000
       35.71037      139.48826    -0.03120     0.01485    -0.04605     0.00000
       36.62417      139.49059     0.01960     0.05669    -0.03709     0.00000
       37.28149      139.50377     0.04500     0.05980    -0.01480     0.00000
       34.12107      139.50385     0.02500     0.06463    -0.03963     0.00000
       36.87225      139.50531    -0.01130     0.01991    -0.03121     0.00000
       38.23069      139.50957     0.00670    -0.02270     0.02940     0.00000
       42.15355      139.51960     0.02460     0.02117     0.00343     0.00000
       35.41927      139.52192    -0.00980     0.03746    -0.04726     0.00000
       37.47346      139.52863    -0.00650     0.00071    -0.00721     0.00000
       38.51120      139.53382     0.05750     0.01886     0.03864     0.00000
       36.29516      139.54230    -0.02650     0.01910    -0.04560     0.00000
       34.05911      139.54715    -0.01490     0.02483    -0.03973     0.00000
       39.18556      139.54766     0.04660    -0.00253     0.04913     0.00000
       34.09376      139.56176     0.03160     0.07183    -0.04023     0.00000
       37.09725      139.58616    -0.03040    -0.00161    -0.02879     0.00000
       35.16087      139.61384    -0.01490     0.03425    -0.04915     0.00000
       36.66598      139.61925    -0.01610     0.02932    -0.04542     0.00000
       35.66370      139.63065    -0.13140    -0.07986    -0.05154     0.00000
       36.08723      139.63672    -0.04000     0.01217    -0.05217     0.00000
       35.75803      139.64454    -0.05180     0.00052    -0.05232     0.00000
       35.93747      139.65186    -0.02410     0.02886    -0.05296     0.00000
       35.43648      139.65375    -0.00760     0.04406    -0.05166     0.00000
       35.26709      139.66484    -0.02120     0.03001    -0.05121     0.00000
       35.56340      139.67335    -0.03860     0.01427    -0.05287     0.00000
       38.70117      139.67453     0.03140    -0.00925     0.04065     0.00000
       37.32621      139.68635    -0.03670    -0.01026    -0.02644     0.00000
       36.40185      139.72642    -0.03900     0.01859    -0.05759     0.00000
       38.14618      139.74225    -0.00130    -0.01647     0.01517     0.00000
       36.53763      139.75279    -0.02300     0.03603    -0.05903     0.00000
       39.96790      139.77615    -0.00170    -0.04024     0.03854     0.00000
       37.64370      139.79151    -0.01020     0.00787    -0.01807     0.00000
       35.89597      139.79599    -0.02890     0.03130    -0.06020     0.00000
       36.01090      139.79993    -0.05160     0.00981    -0.06141     0.00000
       36.97958      139.80575    -0.04370     0.01107    -0.05477     0.00000
       38.89460      139.80885     0.05790     0.01619     0.04171     0.00000
       36.20367      139.81053    -0.03070     0.03307    -0.06377     0.00000
       35.78021      139.81281    -0.03830     0.02177    -0.06007     0.00000
       35.31170      139.82552    -0.07010    -0.01347    -0.05663     0.00000
       38.59404      139.83177     0.01440    -0.01715     0.03155     0.00000
       37.46129      139.83552    -0.04880    -0.01501    -0.03379     0.00000
       39.89113      139.84893     0.03400    -0.00520     0.03920     0.00000
       36.77637      139.85426    -0.02720     0.03951    -0.06671     0.00000
       42.45073      139.85767    -0.00750    -0.00525    -0.00225     0.00000
       34.95408      139.86408    -0.00560     0.04873    -0.05433     0.00000
       37.26107      139.87143    -0.01930     0.03048    -0.04978     0.00000
       37.92058      139.87941     0.00510     0.01398    -0.00888     0.00000
       35.67546      139.90235    -0.02030     0.04285    -0.06315     0.00000
       36.45658      139.90251    -0.06000     0.01444    -0.07444     0.00000
       39.20606      139.90772     0.06550     0.02175     0.04375     0.00000
       36.59895      139.92347    -0.06820     0.00935    -0.07755     0.00000
       39.01597      139.92750     0.04230     0.00173     0.04057     0.00000
       40.57764      139.92812     0.00910    -0.01368     0.02278     0.00000
       36.11481      139.93150    -0.05010     0.02167    -0.07177     0.00000
       38.75972      139.95737     0.03720     0.00529     0.03191     0.00000
       35.14380      139.96847    -0.02190     0.03751    -0.05941     0.00000
       37.66929      139.97266    -0.02950     0.00752    -0.03702     0.00000
       35.00279      139.97489    -0.01030     0.04756    -0.05786     0.00000
       36.30070      139.98777    -0.06450     0.01662    -0.08112     0.00000
       35.94029      139.99272    -0.05900     0.01331    -0.07231     0.00000
       42.13085      140.00395    -0.01980    -0.01803    -0.00177     0.00000
       40.09970      140.00550     0.02120    -0.01132     0.03252     0.00000
       40.73063      140.01099     0.00120    -0.01684     0.01804     0.00000
       42.68534      140.01178    -0.02530    -0.02024    -0.00506     0.00000
       35.78647      140.02475    -0.02250     0.04836    -0.07086     0.00000
       40.33940      140.02757     0.03710     0.01046     0.02664     0.00000
       37.12470      140.03541    -0.04160     0.04075    -0.08235     0.00000
       36.85423      140.03926    -0.08510     0.00810    -0.09320     0.00000
       41.46638      140.04065     0.01070     0.00612     0.00458     0.00000
       39.82581      140.04472     0.03010    -0.00715     0.03725     0.00000
       35.65721      140.04809    -0.02160     0.04793    -0.06953     0.00000
       39.39870      140.04824     0.06090     0.01995     0.04095     0.00000
       40.24730      140.04868     0.03360     0.00519     0.02841     0.00000
       35.44778      140.05133    -0.08260    -0.01636    -0.06624     0.00000
       39.52756      140.05393     0.04410     0.00358     0.04052     0.00000
       41.80303      140.07123    -0.01060    -0.01078     0.00018     0.00000
       37.56695      140.07268    -0.04760     0.01238    -0.05998     0.00000
       38.19754      140.07757    -0.00940     0.00166    -0.01106     0.00000
       36.36491      140.07795    -0.07450     0.01933    -0.09383     0.00000
       35.11186      140.07927    -0.04550     0.01681    -0.06231     0.00000
       36.10364      140.08631    -0.04470     0.03944    -0.08414     0.00000
       36.10558      140.08712    -0.06600     0.01829    -0.08429     0.00000
       36.10611      140.08719    -0.04870     0.03561    -0.08431     0.00000
       36.10568      140.08750    -0.05500     0.02932    -0.08432     0.00000
       37.96361      140.09353    -0.04930    -0.01753    -0.03177     0.00000
       38.43434      140.09463    -0.01320    -0.01745     0.00425     0.00000
       42.00807      140.10732     0.00630     0.00848    -0.00218     0.00000
       39.93605      140.13238     0.02170    -0.01175     0.03345     0.00000
       37.42451      140.13588    -0.07720     0.00561    -0.08281     0.00000
       35.87365      140.14549    -0.06890     0.01110    -0.08000     0.00000
       35.33314      140.14679    -0.00910     0.05882    -0.06792     0.00000
       36.69246      140.15769    -0.06690     0.05100    -0.11790     0.00000
       39.16421      140.16198     0.05130     0.01715     0.03415     0.00000
       36.95231      140.16476    -0.07980     0.03723    -0.11703     0.00000
       36.26327      140.17426    -0.07800     0.02334    -0.10134     0.00000
       36.54222      140.17931    -0.11080     0.00719    -0.11799     0.00000
       38.93810      140.18347     0.00820    -0.01732     0.02552     0.00000
       35.54414      140.18656    -0.03210     0.04125    -0.07335     0.00000
       38.28898      140.19992    -0.00950     0.01088    -0.02038     0.00000
       36.03134      140.20244    -0.06060     0.03007    -0.09067     0.00000
       37.61595      140.20565    -0.08980    -0.00743    -0.08237     0.00000
       37.29304      140.21275    -0.07330     0.03692    -0.11022     0.00000
       38.62841      140.22051    -0.01110    -0.01538     0.00428     0.00000
       42.78643      140.23320    -0.00680     0.00091    -0.00771     0.00000
       39.65831      140.23421     0.04810     0.01344     0.03466     0.00000
       35.28838      140.24916    -0.04920     0.02145    -0.07065     0.00000
       42.24368      140.25048    -0.02060    -0.01488    -0.00572     0.00000
       37.12629      140.25993    -0.11310     0.02108    -0.13418     0.00000
       40.27116      140.26366     0.02570     0.00239     0.02331     0.00000
       35.16590      140.26802    -0.04710     0.02186    -0.06896     0.00000
       38.14810      140.27114    -0.05070    -0.00472    -0.04598     0.00000
       40.77898      140.27298     0.04220     0.03034     0.01186     0.00000
       39.29674      140.27893     0.03080    -0.00028     0.03108     0.00000
       36.65057      140.29342    -0.13400     0.01640    -0.15040     0.00000
       41.12172      140.29353    -0.01590    -0.02102     0.00512     0.00000
       40.57518      140.29499     0.01630     0.00061     0.01569     0.00000
       36.77896      140.29649    -0.10440     0.05096    -0.15536     0.00000
       35.71745      140.31515    -0.06670     0.01708    -0.08378     0.00000
       41.59903      140.31589    -0.01510    -0.01341    -0.00169     0.00000
       35.53012      140.31824    -0.02370     0.05470    -0.07840     0.00000
       38.75860      140.31874    -0.00200    -0.00442     0.00242     0.00000
       37.36182      140.32439    -0.07650     0.05975    -0.13625     0.00000
       35.42113      140.33737    -0.02140     0.05512    -0.07652     0.00000
       36.09694      140.34315    -0.06700     0.04094    -0.10794     0.00000
       42.49436      140.35420     0.00760     0.01579    -0.00819     0.00000
       38.49677      140.36515    -0.01480     0.01345    -0.02825     0.00000
       38.33103      140.36609    -0.04050     0.00586    -0.04636     0.00000
       41.93485      140.37123     0.00090     0.00647    -0.00557     0.00000
       37.62073      140.37290    -0.03640     0.09080    -0.12720     0.00000
       37.02358      140.37627    -0.14610     0.03227    -0.17837     0.00000
       35.24324      140.38491    -0.03620     0.03803    -0.07423     0.00000
       36.47585      140.38569    -0.12960     0.03122    -0.16082     0.00000
       39.54929      140.38662     0.02580    -0.00316     0.02896     0.00000
       38.17044      140.39388    -0.11260    -0.04109    -0.07151     0.00000
       40.00688      140.40199     0.03670     0.01182     0.02488     0.00000
       35.97041      140.40295    -0.07780     0.02434    -0.10214     0.00000
       35.80333      140.40701    -0.05850     0.03336    -0.09186     0.00000
       40.18332      140.40815     0.00760    -0.01372     0.02132     0.00000
       36.86209      140.41327    -0.16690     0.03063    -0.19753     0.00000
       37.98993      140.44257    -0.09890     0.00890    -0.10780     0.00000
       37.83350      140.44679    -0.09470     0.03373    -0.12843     0.00000
       39.05438      140.44733     0.02870     0.02001     0.00869     0.00000
       35.64235      140.44830    -0.06610     0.02088    -0.08698     0.00000
       37.21056      140.45097    -0.13920     0.05639    -0.19559     0.00000
       40.91018      140.45157    -0.00130    -0.00642     0.00512     0.00000
       37.44487      140.46403    -0.18890    -0.01009    -0.17881     0.00000
       37.68331      140.46649    -0.06880     0.08471    -0.15351     0.00000
       36.34437      140.47633    -0.17860    -0.01643    -0.16217     0.00000
       40.62435      140.47853     0.02370     0.01379     0.00991     0.00000
       41.18508      140.49077     0.02470     0.02491    -0.00021     0.00000
       38.75216      140.49726    -0.05660    -0.03165    -0.02495     0.00000
       36.74303      140.49760    -0.21730     0.01390    -0.23120     0.00000
       39.19910      140.50669     0.00020    -0.01107     0.01127     0.00000
       41.71133      140.53503     0.00680     0.01361    -0.00681     0.00000
       39.92139      140.53586     0.01740    -0.00383     0.02123     0.00000
       42.98525      140.54394    -0.00690     0.00438    -0.01128     0.00000
       36.18131      140.54448    -0.12090     0.02081    -0.14171     0.00000
       39.32700      140.55978     0.02840     0.01568     0.01272     0.00000
       37.08930      140.56164    -0.23690     0.02255    -0.25945     0.00000
       42.09861      140.56886     0.00450     0.01420    -0.00970     0.00000
       37.59109      140.57165    -0.15210     0.05929    -0.21139     0.00000
       40.32505      140.57735     0.02470     0.01171     0.01299     0.00000
       40.52365      140.57815     0.03830     0.02932     0.00898     0.00000
       40.70628      140.58922     0.00260    -0.00248     0.00508     0.00000
       39.50814      140.59609     0.03130     0.01514     0.01616     0.00000
       39.74916      140.59704    -0.01270    -0.03194     0.01924     0.00000
       42.80272      140.60352    -0.03230    -0.02049    -0.01181     0.00000
       36.53993      140.61184    -0.23700     0.01511    -0.25211     0.00000
       39.05190      140.62959    -0.06200    -0.04678    -0.01522     0.00000
       41.04322      140.63589     0.01180     0.01366    -0.00186     0.00000
       37.98441      140.64564    -0.12320     0.06962    -0.19282     0.00000
       35.77730      140.64682    -0.05170     0.04826    -0.09996     0.00000
       35.95545      140.65924    -0.11020     0.00394    -0.11414     0.00000
       37.32547      140.66211    -0.23730     0.05879    -0.29609     0.00000
       42.12314      140.66687    -0.00480     0.00660    -0.01140     0.00000
       36.93262      140.69015    -0.35840    -0.00746    -0.35094     0.00000
       39.14620      140.71505    -0.04510    -0.02610    -0.01900     0.00000
       41.97669      140.71544    -0.01230    -0.00059    -0.01171     0.00000
       37.18309      140.71600    -0.28870     0.06138    -0.35008     0.00000
       37.82460      140.72766    -0.22820     0.04029    -0.26849     0.00000
       38.57181      140.72772    -0.07960     0.03763    -0.11723     0.00000
       39.70268      140.73285     0.01070     0.00004     0.01066     0.00000
       41.82607      140.74783    -0.01740    -0.00571    -0.01169     0.00000
       36.80031      140.75391    -0.39310     0.00118    -0.39428     0.00000
       38.25775      140.75470    -0.13060     0.06968    -0.20028     0.00000
       37.56055      140.75507    -0.24090     0.08994    -0.33084     0.00000
       42.55138      140.76762    -0.01260     0.00110    -0.01370     0.00000
       39.35130      140.76918    -0.01930    -0.01141    -0.00789     0.00000
       40.21544      140.78733     0.02900     0.02244     0.00656     0.00000
       38.74894      140.80164    -0.08340     0.02331    -0.10671     0.00000
       40.64357      140.80335     0.01600     0.01695    -0.00095     0.00000
       42.04297      140.80554     0.02240     0.03596    -0.01356     0.00000
       37.33670      140.80845    -0.28670     0.12038    -0.40708     0.00000
       40.83441      140.81054     0.03660     0.04074    -0.00414     0.00000
       41.14555      140.82199     0.03020     0.03862    -0.00842     0.00000
       42.64629      140.82568    -0.00440     0.01008    -0.01448     0.00000
       38.93403      140.83319    -0.07930    -0.00208    -0.07722     0.00000
       39.55446      140.83632    -0.02410    -0.02157    -0.00253     0.00000
       35.72636      140.83723    -0.06120     0.03936    -0.10056     0.00000
       37.01845      140.84165    -0.49210    -0.02045    -0.47165     0.00000
       38.02966      140.84399    -0.20780     0.10669    -0.31449     0.00000
       38.54622      140.84787    -0.13420     0.04566    -0.17986     0.00000
       38.41176      140.85137    -0.16300     0.05725    -0.22025     0.00000
       42.47390      140.87637    -0.00280     0.01240    -0.01520     0.00000
       41.45530      140.88051     0.01040     0.02305    -0.01265     0.00000
       42.85789      140.88334    -0.01540    -0.00035    -0.01505     0.00000
       42.55793      140.89880    -0.02940    -0.01390    -0.01550     0.00000
       37.09071      140.90251    -0.49940     0.02614    -0.52554     0.00000
       37.80067      140.90808    -0.32090     0.10239    -0.42329     0.00000
       41.74059      140.92933     0.06890     0.08407    -0.01517     0.00000
       40.44763      140.94159     0.02410     0.02776    -0.00366     0.00000
       42.37421      140.94241    -0.00830     0.00791    -0.01621     0.00000
       38.17712      140.94369    -0.24160     0.12273    -0.36433     0.00000
       38.31749      140.95418    -0.28200     0.04661    -0.32861     0.00000
       39.70109      140.96450     0.01850     0.02662    -0.00812     0.00000
       41.19966      140.98381     0.00330     0.01709    -0.01379     0.00000
       39.12701      140.98846    -0.07130     0.01035    -0.08165     0.00000
       40.92116      140.99023     0.03160     0.04313    -0.01153     0.00000
       38.68613      141.00433    -0.16860     0.05927    -0.22787     0.00000
       40.10675      141.04646     0.02290     0.02954    -0.00664     0.00000
       39.95308      141.06633     0.00920     0.01855    -0.00935     0.00000
       42.66788      141.07496    -0.01120     0.00656    -0.01776     0.00000
       40.29108      141.07647     0.01220     0.02112    -0.00892     0.00000
       42.42055      141.08106    -0.00310     0.01522    -0.01832     0.00000
       41.46616      141.09447    -0.01710     0.00132    -0.01842     0.00000
       40.57998      141.10602     0.02560     0.03845    -0.01285     0.00000
       40.86236      141.13181     0.05060     0.06706    -0.01646     0.00000
       41.83400      141.14218    -0.00340     0.01668    -0.02008     0.00000
       38.53948      141.14754    -0.34770     0.07952    -0.42722     0.00000
       38.99546      141.14852    -0.17890     0.00677    -0.18567     0.00000
       38.66063      141.16072    -0.28580     0.08336    -0.36916     0.00000
       39.85125      141.16486     0.00130     0.02201    -0.02071     0.00000
       39.59657      141.17210    -0.01870     0.02202    -0.04072     0.00000
       40.62507      141.19783    -0.01130     0.00637    -0.01767     0.00000
       39.11062      141.20392    -0.18350    -0.01780    -0.16570     0.00000
       38.42506      141.21291    -0.52030     0.06615    -0.58645     0.00000
       41.30077      141.21328     0.02190     0.04347    -0.02157     0.00000
       39.98057      141.22506     0.02820     0.04971    -0.02151     0.00000
       38.90193      141.28319    -0.33970    -0.01275    -0.32695     0.00000
       42.97138      141.29033     0.00200     0.02150    -0.01950     0.00000
       39.46469      141.29300    -0.06070     0.02453    -0.08523     0.00000
       40.29115      141.29369     0.00190     0.02414    -0.02224     0.00000
       38.50984      141.30440    -0.58510     0.08855    -0.67365     0.00000
       39.23537      141.31167    -0.16350    -0.00082    -0.16268     0.00000
       38.74322      141.31786    -0.41820     0.06879    -0.48699     0.00000
       40.50876      141.33199     0.03490     0.05927    -0.02437     0.00000
       42.54980      141.36148    -0.03470    -0.01251    -0.02219     0.00000
       40.96824      141.36796     0.01000     0.03684    -0.02684     0.00000
       40.67640      141.37621     0.00410     0.03108    -0.02698     0.00000
       41.16093      141.38569     0.00690     0.03442    -0.02752     0.00000
       39.01211      141.40085    -0.31440     0.03204    -0.34644     0.00000
       42.77319      141.40709     0.00290     0.02468    -0.02178     0.00000
       39.63937      141.42613    -0.04530     0.03169    -0.07699     0.00000
       41.40471      141.44759    -0.03550    -0.00640    -0.02910     0.00000
       38.68270      141.44937    -0.66390     0.09079    -0.75469     0.00000
       39.84902      141.45259    -0.05120     0.00126    -0.05246     0.00000
       40.04860      141.46194    -0.02090     0.01949    -0.04039     0.00000
       40.27104      141.48486    -0.01430     0.02181    -0.03611     0.00000
       38.30119      141.50069    -1.12820     0.18221    -1.31041     0.00000
       40.51536      141.51128    -0.01900     0.01627    -0.03527     0.00000
       39.33806      141.53416    -0.22690    -0.01447    -0.21243     0.00000
       38.90286      141.57259    -0.63710     0.02222    -0.65932     0.00000
       39.14309      141.57549    -0.42660    -0.04569    -0.38091     0.00000
       42.88443      141.57742     0.00700     0.03032    -0.02332     0.00000
       42.65553      141.60226    -0.04550    -0.02042    -0.02508     0.00000
       39.97096      141.66218    -0.05120     0.01510    -0.06630     0.00000
       39.59612      141.67529    -0.15310    -0.01045    -0.14265     0.00000
       40.40520      141.71313    -0.03080     0.02021    -0.05101     0.00000
       42.98325      141.73067    -0.00360     0.02087    -0.02447     0.00000
       39.02378      141.73985    -0.70250     0.00782    -0.71032     0.00000
       40.13345      141.78910    -0.02380     0.04420    -0.06800     0.00000
       39.25352      141.79804    -0.49200    -0.04852    -0.44348     0.00000
       39.84918      141.80385    -0.12050    -0.02026    -0.10024     0.00000
       42.72944      141.86398    -0.01470     0.01338    -0.02808     0.00000
       39.57239      141.93996    -0.27920    -0.05562    -0.22358     0.00000
       39.86937      141.95054    -0.10240     0.01476    -0.11716     0.00000
       39.45816      141.95526    -0.41720    -0.10354    -0.31366     0.00000
       39.73896      141.97022    -0.15810    -0.00463    -0.15347     0.00000
       42.48128      142.06022    -0.03000     0.00339    -0.03339     0.00000
       42.93377      142.08460     0.02610     0.05497    -0.02887     0.00000
       42.72724      142.29581    -0.00640     0.02722    -0.03362     0.00000
       42.35690      142.36460    -0.02880     0.01104    -0.03984     0.00000
       42.55426      142.39592    -0.01880     0.01845    -0.03725     0.00000
       42.98052      142.40197    -0.01350     0.01824    -0.03174     0.00000
       42.89063      142.53226    -0.00910     0.02507    -0.03417     0.00000
       42.24773      142.56745     0.00930     0.05430    -0.04500     0.00000
       42.27723      142.76795     0.00580     0.05321    -0.04741     0.00000
       42.13094      142.93539    -0.00600     0.04727    -0.05327     0.00000
       42.80334      142.95369    -0.00240     0.03711    -0.03951     0.00000
       42.69927      143.10326     0.00850     0.05114    -0.04264     0.00000
       42.48641      143.15197    -0.05870    -0.01135    -0.04735     0.00000
       42.00586      143.15653    -0.01310     0.04677    -0.05987     0.00000
       42.93886      143.17057    -0.01560     0.02339    -0.03899     0.00000
       42.67396      143.31280    -0.01090     0.03388    -0.04478     0.00000
       42.12559      143.31570    -0.02170     0.03642    -0.05812     0.00000
       42.32159      143.33100    -0.02610     0.02679    -0.05289     0.00000
       42.55165      143.46114    -0.01770     0.03070    -0.04840     0.00000
       42.80651      143.49497    -0.03480     0.00857    -0.04337     0.00000
       42.80034      143.65554     0.00450     0.04879    -0.04429     0.00000
       42.89451      143.92695    -0.02260     0.02086    -0.04346     0.00000
       42.96326      144.43194    -0.01040     0.03237    -0.04277     0.00000
       42.98257      144.71915    -0.01790     0.02423    -0.04213     0.00000
       38.88798      143.36219     1.60000     0.01859     1.58141     0.00000
       38.63646      143.26334     1.50000    -0.14115     1.64115     0.00000
       38.08094      142.91663     3.00000    -0.11523     3.11523     0.00000
       38.14886      142.43315    -0.80000     0.04515    -0.84515     0.00000
       37.16611      142.08090     0.90000     0.09687     0.80313     0.00000
