     lat_deg     lon_deg    depth_km  x_local_km  y_local_km   length_km    width_km  slp_strk_m  slp_ddip_m    slp_am_m  strike_deg     dip_deg    rake_deg sig_stk_MPa sig_ddi_MPa sig_nrm_MPa
     40.7161    144.4375      2.4197     10.0008     10.0000     20.0015     20.0000      0.0000      0.0000      0.0000    193.0347     14.0000      0.0000     -0.0031      0.0200     -0.0050
     40.7564    144.2135      7.2577     10.0008     30.0000     20.0015     20.0000      0.0000      0.0000      0.0000    193.0347     14.0000      0.0000     -0.0030      0.0196     -0.0048
     40.7964    143.9892     12.0961     10.0008     50.0000     20.0015     20.0000      0.0000      0.0000      0.0000    193.0347     14.0000      0.0000     -0.0042      0.0186     -0.0041
     40.8359    143.7647     16.9345     10.0008     70.0000     20.0015     20.0000      0.0000      0.0000      0.0000    193.0347     14.0000      0.0000     -0.0067      0.0176     -0.0031
     40.8751    143.5399     21.7730     10.0008     90.0000     20.0015     20.0000      0.0000      0.0000      0.0000    193.0347     14.0000      0.0000     -0.0102      0.0168     -0.0019
     40.9138    143.3149     26.6114     10.0008    110.0000     20.0015     20.0000      0.0000      0.0000      0.0000    193.0347     14.0000      0.0000     -0.0142      0.0166     -0.0006
     40.9521    143.0896     31.4498     10.0008    130.0000     20.0015     20.0000      0.0000      0.0000      0.0000    193.0347     14.0000      0.0000     -0.0182      0.0169      0.0007
     40.9899    142.8641     36.2883     10.0008    150.0000     20.0015     20.0000      0.0000      0.0000      0.0000    193.0347     14.0000      0.0000     -0.0216      0.0177      0.0018
     41.0274    142.6383     41.1267     10.0008    170.0000     20.0015     20.0000      0.0000      0.0000      0.0000    193.0347     14.0000      0.0000     -0.0242      0.0187      0.0027
     41.0644    142.4122     45.9652     10.0008    190.0000     20.0015     20.0000      0.0000      0.0000      0.0000    193.0347     14.0000      0.0000     -0.0259      0.0198      0.0034
     40.5411    144.3824      2.4197     30.0023     10.0000     20.0015     20.0000      0.0000      0.0000      0.0000    193.0347     14.0000      0.0000     -0.0036      0.0250     -0.0063
     40.5814    144.1590      7.2577     30.0023     30.0000     20.0015     20.0000      0.0000      0.0000      0.0000    193.0347     14.0000      0.0000     -0.0034      0.0245     -0.0060
     40.6212    143.9353     12.0961     30.0023     50.0000     20.0015     20.0000      0.0000      0.0000      0.0000    193.0347     14.0000      0.0000     -0.0054      0.0231     -0.0050
     40.6607    143.7113     16.9345     30.0023     70.0000     20.0015     20.0000      0.0000      0.0000      0.0000    193.0347     14.0000      0.0000     -0.0093      0.0218     -0.0035
     40.6997    143.4871     21.7730     30.0023     90.0000     20.0015     20.0000      0.0000      0.0000      0.0000    193.0347     14.0000      0.0000     -0.0146      0.0211     -0.0018
     40.7383    143.2626     26.6114     30.0023    110.0000     20.0015     20.0000      0.0000      0.0000      0.0000    193.0347     14.0000      0.0000     -0.0203      0.0212      0.0000
     40.7765    143.0378     31.4498     30.0023    130.0000     20.0015     20.0000      0.0000      0.0000      0.0000    193.0347     14.0000      0.0000     -0.0257      0.0221      0.0017
     40.8143    142.8129     36.2883     30.0023    150.0000     20.0015     20.0000      0.0000      0.0000      0.0000    193.0347     14.0000      0.0000     -0.0299      0.0235      0.0032
     40.8516    142.5876     41.1267     30.0023    170.0000     20.0015     20.0000      0.0000      0.0000      0.0000    193.0347     14.0000      0.0000     -0.0329      0.0251      0.0042
     40.8886    142.3621     45.9652     30.0023    190.0000     20.0015     20.0000      0.0000      0.0000      0.0000    193.0347     14.0000      0.0000     -0.0345      0.0266      0.0050
     40.3661    144.3276      2.4197     50.0039     10.0000     20.0015     20.0000      0.0000      0.0000      0.0000    193.0347     14.0000      0.0000     -0.0040      0.0318     -0.0080
     40.4063    144.1047      7.2577     50.0039     30.0000     20.0015     20.0000      0.0000      0.0000      0.0000    193.0347     14.0000      0.0000     -0.0039      0.0312     -0.0076
     40.4461    143.8816     12.0961     50.0039     50.0000     20.0015     20.0000      0.0000      0.0000      0.0000    193.0347     14.0000      0.0000     -0.0072      0.0294     -0.0062
     40.4854    143.6581     16.9345     50.0039     70.0000     20.0015     20.0000      0.0000      0.0000      0.0000    193.0347     14.0000      0.0000     -0.0136      0.0279     -0.0040
     40.5243    143.4345     21.7730     50.0039     90.0000     20.0015     20.0000      0.0000      0.0000      0.0000    193.0347     14.0000      0.0000     -0.0218      0.0275     -0.0014
     40.5628    143.2105     26.6114     50.0039    110.0000     20.0015     20.0000      0.0000      0.0000      0.0000    193.0347     14.0000      0.0000     -0.0301      0.0284      0.0012
     40.6009    142.9863     31.4498     50.0039    130.0000     20.0015     20.0000      0.0000      0.0000      0.0000    193.0347     14.0000      0.0000     -0.0371      0.0303      0.0035
     40.6386    142.7619     36.2883     50.0039    150.0000     20.0015     20.0000      0.0000      0.0000      0.0000    193.0347     14.0000      0.0000     -0.0423      0.0326      0.0053
     40.6759    142.5372     41.1267     50.0039    170.0000     20.0015     20.0000      0.0000      0.0000      0.0000    193.0347     14.0000      0.0000     -0.0452      0.0349      0.0066
     40.7127    142.3123     45.9652     50.0039    190.0000     20.0015     20.0000      0.0000      0.0000      0.0000    193.0347     14.0000      0.0000     -0.0462      0.0366      0.0074
     40.1911    144.2731      2.4197     70.0054     10.0000     20.0015     20.0000      0.0000      0.0000      0.0000    193.0347     14.0000      0.0000     -0.0042      0.0419     -0.0106
     40.2312    144.0508      7.2577     70.0054     30.0000     20.0015     20.0000      0.0000      0.0000      0.0000    193.0347     14.0000      0.0000     -0.0041      0.0410     -0.0101
     40.2708    143.8281     12.0961     70.0054     50.0000     20.0015     20.0000      0.0000      0.0000      0.0000    193.0347     14.0000      0.0000     -0.0101      0.0385     -0.0078
     40.3101    143.6053     16.9345     70.0054     70.0000     20.0015     20.0000      0.0000      0.0000      0.0000    193.0347     14.0000      0.0000     -0.0211      0.0371     -0.0043
     40.3489    143.3821     21.7730     70.0054     90.0000     20.0015     20.0000      0.0000      0.0000      0.0000    193.0347     14.0000      0.0000     -0.0341      0.0378     -0.0003
     40.3873    143.1587     26.6114     70.0054    110.0000     20.0015     20.0000      0.0000      0.0000      0.0000    193.0347     14.0000      0.0000     -0.0460      0.0404      0.0035
     40.4253    142.9351     31.4498     70.0054    130.0000     20.0015     20.0000      0.0000      0.0000      0.0000    193.0347     14.0000      0.0000     -0.0551      0.0439      0.0066
     40.4629    142.7112     36.2883     70.0054    150.0000     20.0015     20.0000      0.0000      0.0000      0.0000    193.0347     14.0000      0.0000     -0.0606      0.0474      0.0088
     40.5001    142.4871     41.1267     70.0054    170.0000     20.0015     20.0000      0.0000      0.0000      0.0000    193.0347     14.0000      0.0000     -0.0627      0.0502      0.0103
     40.5368    142.2627     45.9652     70.0054    190.0000     20.0015     20.0000      0.0000      0.0000      0.0000    193.0347     14.0000      0.0000     -0.0621      0.0519      0.0110
     40.0161    144.2189      2.4197     90.0070     10.0000     20.0015     20.0000      0.0000      0.0000      0.0000    193.0347     14.0000      0.0000     -0.0034      0.0573     -0.0147
     40.0561    143.9971      7.2577     90.0070     30.0000     20.0015     20.0000      0.0000      0.0000      0.0000    193.0347     14.0000      0.0000     -0.0036      0.0561     -0.0139
     40.0956    143.7750     12.0961     90.0070     50.0000     20.0015     20.0000      0.0000      0.0000      0.0000    193.0347     14.0000      0.0000     -0.0156      0.0530     -0.0100
     40.1348    143.5526     16.9345     90.0070     70.0000     20.0015     20.0000      0.0000      0.0000      0.0000    193.0347     14.0000      0.0000     -0.0356      0.0528     -0.0039
     40.1735    143.3300     21.7730     90.0070     90.0000     20.0015     20.0000      0.0000      0.0000      0.0000    193.0347     14.0000      0.0000     -0.0565      0.0565      0.0024
     40.2118    143.1072     26.6114     90.0070    110.0000     20.0015     20.0000      0.0000      0.0000      0.0000    193.0347     14.0000      0.0000     -0.0731      0.0623      0.0079
     40.2497    142.8841     31.4498     90.0070    130.0000     20.0015     20.0000      0.0000      0.0000      0.0000    193.0347     14.0000      0.0000     -0.0835      0.0681      0.0120
     40.2872    142.6608     36.2883     90.0070    150.0000     20.0015     20.0000      0.0000      0.0000      0.0000    193.0347     14.0000      0.0000     -0.0880      0.0725      0.0147
     40.3243    142.4372     41.1267     90.0070    170.0000     20.0015     20.0000      0.0000      0.0000      0.0000    193.0347     14.0000      0.0000     -0.0875      0.0750      0.0160
     40.3609    142.2134     45.9652     90.0070    190.0000     20.0015     20.0000      0.0000      0.0000      0.0000    193.0347     14.0000      0.0000     -0.0836      0.0754      0.0162
     39.8410    144.1650      2.4197    110.0085     10.0000     20.0015     20.0000      0.0000      0.0000      0.0000    193.0347     14.0000      0.0000      0.0005      0.0835     -0.0219
     39.8809    143.9437      7.2577    110.0085     30.0000     20.0015     20.0000      0.0000      0.0000      0.0000    193.0347     14.0000      0.0000     -0.0010      0.0820     -0.0208
     39.9204    143.7221     12.0961    110.0085     50.0000     20.0015     20.0000      0.0000      0.0000      0.0000    193.0347     14.0000      0.0000     -0.0283      0.0797     -0.0129
     39.9594    143.5003     16.9345    110.0085     70.0000     20.0015     20.0000      0.0000      0.0000      0.0000    193.0347     14.0000      0.0000     -0.0665      0.0850     -0.0018
     39.9981    143.2782     21.7730    110.0085     90.0000     20.0015     20.0000      0.0000      0.0000      0.0000    193.0347     14.0000      0.0000     -0.0992      0.0956      0.0086
     40.0363    143.0559     26.6114    110.0085    110.0000     20.0015     20.0000      0.0000      0.0000      0.0000    193.0347     14.0000      0.0000     -0.1199      0.1060      0.0166
     40.0741    142.8334     31.4498    110.0085    130.0000     20.0015     20.0000      0.0000      0.0000      0.0000    193.0347     14.0000      0.0000     -0.1288      0.1133      0.0219
     40.1115    142.6106     36.2883    110.0085    150.0000     20.0015     20.0000      0.0000      0.0000      0.0000    193.0347     14.0000      0.0000     -0.1285      0.1166      0.0244
     40.1485    142.3875     41.1267    110.0085    170.0000     20.0015     20.0000      0.0000      0.0000      0.0000    193.0347     14.0000      0.0000     -0.1220      0.1159      0.0248
     40.1850    142.1643     45.9652    110.0085    190.0000     20.0015     20.0000      0.0000      0.0000      0.0000    193.0347     14.0000      0.0000     -0.1118      0.1119      0.0239
     39.6659    144.1113      2.4197    130.0101     10.0000     20.0015     20.0000      0.0000      0.0000      0.0000    193.0347     14.0000      0.0000      0.0175      0.1368     -0.0377
     39.7057    143.8905      7.2577    130.0101     30.0000     20.0015     20.0000      0.0000      0.0000      0.0000    193.0347     14.0000      0.0000      0.0063      0.1383     -0.0364
     39.7451    143.6695     12.0961    130.0101     50.0000     20.0015     20.0000      0.0000      0.0000      0.0000    193.0347     14.0000      0.0000     -0.0652      0.1480     -0.0183
     39.7840    143.4482     16.9345    130.0101     70.0000     20.0015     20.0000      0.0000      0.0000      0.0000    193.0347     14.0000      0.0000     -0.1373      0.1697      0.0028
     39.8226    143.2267     21.7730    130.0101     90.0000     20.0015     20.0000      0.0000      0.0000      0.0000    193.0347     14.0000      0.0000     -0.1825      0.1898      0.0204
     39.8607    143.0049     26.6114    130.0101    110.0000     20.0015     20.0000      0.0000      0.0000      0.0000    193.0347     14.0000      0.0000     -0.2003      0.2006      0.0327
     39.8984    142.7829     31.4498    130.0101    130.0000     20.0015     20.0000      0.0000      0.0000      0.0000    193.0347     14.0000      0.0000     -0.1989      0.2020      0.0395
     39.9357    142.5606     36.2883    130.0101    150.0000     20.0015     20.0000      0.0000      0.0000      0.0000    193.0347     14.0000      0.0000     -0.1862      0.1959      0.0409
     39.9726    142.3381     41.1267    130.0101    170.0000     20.0015     20.0000      0.0000      0.0000      0.0000    193.0347     14.0000      0.0000     -0.1677      0.1842      0.0384
     40.0091    142.1154     45.9652    130.0101    190.0000     20.0015     20.0000      0.0000      0.0000      0.0000    193.0347     14.0000      0.0000     -0.1472      0.1690      0.0346
     39.4908    144.0579      2.4197    150.0116     10.0000     20.0015     20.0000      0.0000      0.0000      0.0000    193.0347     14.0000      0.0000      0.1231      0.3415     -0.1176
     39.5305    143.8376      7.2577    150.0116     30.0000     20.0015     20.0000      0.0000      0.0000      0.0000    193.0347     14.0000      0.0000     -0.0189      0.4547     -0.1170
     39.5698    143.6171     12.0961    150.0116     50.0000     20.0015     20.0000      0.0000      0.0000      0.0000    193.0347     14.0000      0.0000     -0.2154      0.4792     -0.0771
     39.6086    143.3964     16.9345    150.0116     70.0000     20.0015     20.0000      0.0000      0.0000      0.0000    193.0347     14.0000      0.0000     -0.3152      0.4691     -0.0215
     39.6471    143.1754     21.7730    150.0116     90.0000     20.0015     20.0000      0.0000      0.0000      0.0000    193.0347     14.0000      0.0000     -0.3442      0.4507      0.0248
     39.6851    142.9541     26.6114    150.0116    110.0000     20.0015     20.0000      0.0000      0.0000      0.0000    193.0347     14.0000      0.0000     -0.3312      0.4193      0.0550
     39.7228    142.7327     31.4498    150.0116    130.0000     20.0015     20.0000      0.0000      0.0000      0.0000    193.0347     14.0000      0.0000     -0.2985      0.3823      0.0692
     39.7600    142.5109     36.2883    150.0116    150.0000     20.0015     20.0000      0.0000      0.0000      0.0000    193.0347     14.0000      0.0000     -0.2597      0.3431      0.0675
     39.7968    142.2890     41.1267    150.0116    170.0000     20.0015     20.0000      0.0000      0.0000      0.0000    193.0347     14.0000      0.0000     -0.2228      0.3005      0.0577
     39.8332    142.0668     45.9652    150.0116    190.0000     20.0015     20.0000      0.0000      0.0000      0.0000    193.0347     14.0000      0.0000     -0.1885      0.2581      0.0480
     39.3157    144.0048      2.4197    170.0132     10.0000     20.0015     20.0000      0.1128     -0.9240      0.9309    193.0347     14.0000     83.0421      0.6412      0.6747     -0.2495
     39.3553    143.7850      7.2577    170.0132     30.0000     20.0015     20.0000      0.1543     -0.7852      0.8002    193.0347     14.0000     78.8856      0.0056      1.2381     -0.3262
     39.3945    143.5650     12.0961    170.0132     50.0000     20.0015     20.0000      0.1493     -0.4101      0.4364    193.0347     14.0000     70.0000     -0.5990      1.6830     -0.3763
     39.4332    143.3448     16.9345    170.0132     70.0000     20.0015     20.0000      0.0220     -0.0605      0.0643    193.0347     14.0000     70.0000     -0.9111      1.8562     -0.2283
     39.4716    143.1243     21.7730    170.0132     90.0000     20.0015     20.0000      0.0000      0.0000      0.0000    193.0347     14.0000      0.0000     -0.7164      1.4364     -0.0566
     39.5095    142.9036     26.6114    170.0132    110.0000     20.0015     20.0000      0.0000      0.0000      0.0000    193.0347     14.0000      0.0000     -0.5140      1.0217      0.0575
     39.5471    142.6827     31.4498    170.0132    130.0000     20.0015     20.0000      0.0000      0.0000      0.0000    193.0347     14.0000      0.0000     -0.3946      0.7962      0.1070
     39.5842    142.4615     36.2883    170.0132    150.0000     20.0015     20.0000      0.0000      0.0000      0.0000    193.0347     14.0000      0.0000     -0.3009      0.6702      0.1032
     39.6209    142.2401     41.1267    170.0132    170.0000     20.0015     20.0000      0.0000      0.0000      0.0000    193.0347     14.0000      0.0000     -0.2623      0.5338      0.0799
     39.6572    142.0184     45.9652    170.0132    190.0000     20.0015     20.0000      0.0000      0.0000      0.0000    193.0347     14.0000      0.0000     -0.2320      0.4046      0.0615
     39.1405    143.9519      2.4197    190.0147     10.0000     20.0015     20.0000      0.6222     -5.8301      5.8632    193.0347     14.0000     83.9087      1.6691      0.2667     -0.0184
     39.1800    143.7327      7.2577    190.0147     30.0000     20.0015     20.0000      0.8237     -5.5066      5.5679    193.0347     14.0000     81.4925      0.3633      0.6886     -0.0672
     39.2191    143.5132     12.0961    190.0147     50.0000     20.0015     20.0000      1.2316     -4.4290      4.5970    193.0347     14.0000     74.4605     -0.1569      1.2561     -0.4479
     39.2578    143.2935     16.9345    190.0147     70.0000     20.0015     20.0000      0.8669     -2.9837      3.1070    193.0347     14.0000     73.7996     -0.6232      1.7285     -0.4835
     39.2960    143.0735     21.7730    190.0147     90.0000     20.0015     20.0000      0.1092     -1.3599      1.3643    193.0347     14.0000     85.4070     -1.1184      2.2478     -0.2794
     39.3339    142.8534     26.6114    190.0147    110.0000     20.0015     20.0000     -0.1198     -0.3291      0.3503    193.0347     14.0000    110.0000     -0.8570      2.2215     -0.0199
     39.3713    142.6329     31.4498    190.0147    130.0000     20.0015     20.0000     -0.0633     -0.1740      0.1852    193.0347     14.0000    110.0000     -0.5077      1.5352      0.1152
     39.4084    142.4123     36.2883    190.0147    150.0000     20.0015     20.0000     -0.1369     -0.3761      0.4002    193.0347     14.0000    110.0000     -0.5092      0.7327      0.1254
     39.4450    142.1914     41.1267    190.0147    170.0000     20.0015     20.0000     -0.0831     -0.2284      0.2430    193.0347     14.0000    110.0000     -0.3932      0.6309      0.0930
     39.4812    141.9703     45.9652    190.0147    190.0000     20.0015     20.0000      0.0000      0.0000      0.0000    193.0347     14.0000      0.0000     -0.2537      0.6830      0.0689
     38.9654    143.8993      2.4197    210.0163     10.0000     20.0015     20.0000      1.6560    -15.4017     15.4905    193.0347     14.0000     83.8632      2.5912     -0.9588      0.5869
     39.0048    143.6806      7.2577    210.0163     30.0000     20.0015     20.0000      1.8975    -14.8630     14.9836    193.0347     14.0000     82.7247      0.7028     -1.3681      0.7739
     39.0437    143.4616     12.0961    210.0163     50.0000     20.0015     20.0000      2.5545    -12.6907     12.9453    193.0347     14.0000     78.6189      0.4353     -0.9845      0.1103
     39.0823    143.2424     16.9345    210.0163     70.0000     20.0015     20.0000      1.6957     -9.4308      9.5821    193.0347     14.0000     79.8068     -0.4269     -0.3076     -0.5500
     39.1205    143.0230     21.7730    210.0163     90.0000     20.0015     20.0000      0.1363     -5.0476      5.0494    193.0347     14.0000     88.4527     -1.6741      1.8313     -0.6296
     39.1582    142.8033     26.6114    210.0163    110.0000     20.0015     20.0000     -0.6439     -1.9194      2.0246    193.0347     14.0000    108.5436     -1.9068      2.9481     -0.2641
     39.1956    142.5834     31.4498    210.0163    130.0000     20.0015     20.0000     -0.3688     -1.0132      1.0783    193.0347     14.0000    110.0000     -0.9368      2.0592      0.0106
     39.2326    142.3633     36.2883    210.0163    150.0000     20.0015     20.0000     -0.3724     -1.0233      1.0889    193.0347     14.0000    110.0000     -0.7933      0.8371      0.0859
     39.2691    142.1429     41.1267    210.0163    170.0000     20.0015     20.0000     -0.2238     -0.6149      0.6544    193.0347     14.0000    110.0000     -0.5333      0.7315      0.0764
     39.3052    141.9223     45.9652    210.0163    190.0000     20.0015     20.0000     -0.0100     -0.0275      0.0293    193.0347     14.0000    110.0000     -0.2249      1.0782      0.0623
     38.7902    143.8470      2.4197    230.0178     10.0000     20.0015     20.0000      3.4060    -27.9378     28.1447    193.0347     14.0000     83.0491      2.9903     -2.7682      1.4612
     38.8295    143.6288      7.2577    230.0178     30.0000     20.0015     20.0000      3.2949    -27.2536     27.4521    193.0347     14.0000     83.1064      0.7575     -4.7246      1.9637
     38.8683    143.4103     12.0961    230.0178     50.0000     20.0015     20.0000      2.8123    -23.2547     23.4242    193.0347     14.0000     83.1045     -0.8190     -4.2297      0.4735
     38.9068    143.1916     16.9345    230.0178     70.0000     20.0015     20.0000      1.7314    -17.0741     17.1616    193.0347     14.0000     84.2098     -1.5859     -2.3425     -0.8764
     38.9449    142.9727     21.7730    230.0178     90.0000     20.0015     20.0000      0.3440     -9.7213      9.7274    193.0347     14.0000     87.9732     -2.1596      1.2984     -1.1508
     38.9826    142.7535     26.6114    230.0178    110.0000     20.0015     20.0000     -0.6585     -4.4483      4.4968    193.0347     14.0000     98.4209     -2.3998      3.2558     -0.7064
     39.0198    142.5342     31.4498    230.0178    130.0000     20.0015     20.0000     -0.7948     -2.1838      2.3240    193.0347     14.0000    110.0000     -1.8475      2.8074     -0.2676
     39.0567    142.3145     36.2883    230.0178    150.0000     20.0015     20.0000     -0.5968     -1.6396      1.7449    193.0347     14.0000    110.0000     -1.1178      1.3675     -0.0590
     39.0932    142.0947     41.1267    230.0178    170.0000     20.0015     20.0000     -0.3762     -1.0336      1.0999    193.0347     14.0000    110.0000     -0.6729      0.9815      0.0091
     39.1292    141.8746     45.9652    230.0178    190.0000     20.0015     20.0000     -0.1561     -0.4288      0.4563    193.0347     14.0000    110.0000     -0.3921      0.9298      0.0326
     38.6149    143.7949      2.4197    250.0194     10.0000     20.0015     20.0000      5.8656    -39.9794     40.4074    193.0347     14.0000     81.6534      2.8895     -4.5106      2.2474
     38.6541    143.5772      7.2577    250.0194     30.0000     20.0015     20.0000      5.6240    -39.0805     39.4831    193.0347     14.0000     81.8109      1.3237     -7.9793      2.9216
     38.6929    143.3592     12.0961    250.0194     50.0000     20.0015     20.0000      4.3266    -32.7897     33.0739    193.0347     14.0000     82.4833     -0.7976     -6.7064     -0.0390
     38.7313    143.1410     16.9345    250.0194     70.0000     20.0015     20.0000      3.0821    -23.0302     23.2355    193.0347     14.0000     82.3775     -1.3016     -1.9995     -1.5563
     38.7693    142.9226     21.7730    250.0194     90.0000     20.0015     20.0000      1.6996    -14.1605     14.2622    193.0347     14.0000     83.1559     -1.6111      1.2727     -1.6669
     38.8069    142.7040     26.6114    250.0194    110.0000     20.0015     20.0000      0.4670     -7.6099      7.6242    193.0347     14.0000     86.4883     -1.9047      3.1240     -1.1933
     38.8441    142.4851     31.4498    250.0194    130.0000     20.0015     20.0000     -0.3399     -3.9317      3.9463    193.0347     14.0000     94.9410     -1.9441      3.2088     -0.6527
     38.8808    142.2660     36.2883    250.0194    150.0000     20.0015     20.0000     -0.6430     -2.2796      2.3686    193.0347     14.0000    105.7521     -1.5695      2.2450     -0.2971
     38.9172    142.0467     41.1267    250.0194    170.0000     20.0015     20.0000     -0.4692     -1.2892      1.3719    193.0347     14.0000    110.0000     -0.8287      1.6308     -0.1119
     38.9532    141.8272     45.9652    250.0194    190.0000     20.0015     20.0000     -0.2732     -0.7506      0.7987    193.0347     14.0000    110.0000     -0.4836      0.9553     -0.0231
     38.4397    143.7430      2.4197    270.0209     10.0000     20.0015     20.0000      8.3009    -48.4740     49.1796    193.0347     14.0000     80.2827      2.3825     -5.4187      2.5181
     38.4788    143.5258      7.2577    270.0209     30.0000     20.0015     20.0000      8.5103    -47.1913     47.9525    193.0347     14.0000     79.7773      2.4835     -9.4365      3.3838
     38.5175    143.3084     12.0961    270.0209     50.0000     20.0015     20.0000      8.3813    -39.7696     40.6431    193.0347     14.0000     78.0993      3.0570     -7.8045      0.1883
     38.5558    143.0907     16.9345    270.0209     70.0000     20.0015     20.0000      6.1328    -28.6932     29.3413    193.0347     14.0000     77.9354      1.1533     -2.5967     -1.5346
     38.5937    142.8728     21.7730    270.0209     90.0000     20.0015     20.0000      4.1842    -18.9510     19.4074    193.0347     14.0000     77.5494      0.0136      0.5630     -1.7706
     38.6312    142.6547     26.6114    270.0209    110.0000     20.0015     20.0000      2.7228    -11.5538     11.8703    193.0347     14.0000     76.7397     -0.3485      2.2442     -1.4445
     38.6683    142.4363     31.4498    270.0209    130.0000     20.0015     20.0000      1.2897     -6.6264      6.7507    193.0347     14.0000     78.9859     -0.7447      2.7207     -0.9554
     38.7050    142.2177     36.2883    270.0209    150.0000     20.0015     20.0000      0.0784     -3.5636      3.5645    193.0347     14.0000     88.7390     -1.0858      2.5394     -0.5386
     38.7412    141.9989     41.1267    270.0209    170.0000     20.0015     20.0000     -0.4554     -1.6844      1.7449    193.0347     14.0000    105.1276     -0.9520      2.2982     -0.2579
     38.7771    141.7799     45.9652    270.0209    190.0000     20.0015     20.0000     -0.4011     -1.1019      1.1726    193.0347     14.0000    110.0000     -0.6105      0.9853     -0.0985
     38.2644    143.6914      2.4192    290.0225     10.0000     20.0015     20.0000      9.8045    -52.5500     53.4568    193.0347     14.0000     79.4316      1.3151     -5.4303      2.3375
     38.3034    143.4747      7.2577    290.0225     30.0000     20.0015     20.0000      9.7528    -51.1601     52.0815    193.0347     14.0000     79.2070      2.0310     -9.4032      3.4517
     38.3420    143.2578     12.0961    290.0225     50.0000     20.0015     20.0000      9.0746    -44.2863     45.2065    193.0347     14.0000     78.4200      2.1710     -8.3665      1.1351
     38.3802    143.0406     16.9345    290.0225     70.0000     20.0015     20.0000      7.6408    -33.9764     34.8250    193.0347     14.0000     77.3259      1.6873     -4.4338     -0.7588
     38.4181    142.8232     21.7730    290.0225     90.0000     20.0015     20.0000      6.4566    -24.0160     24.8688    193.0347     14.0000     74.9521      1.7518     -1.2752     -1.3246
     38.4555    142.6056     26.6114    290.0225    110.0000     20.0015     20.0000      5.1103    -16.0164     16.8119    193.0347     14.0000     72.3040      1.7451      0.4615     -1.2811
     38.4925    142.3877     31.4498    290.0225    130.0000     20.0015     20.0000      3.1020    -10.0651     10.5323    193.0347     14.0000     72.8712      0.9024      1.2056     -1.0196
     38.5291    142.1697     36.2883    290.0225    150.0000     20.0015     20.0000      0.9302     -5.5034      5.5815    193.0347     14.0000     80.4065     -0.3849      1.9521     -0.6914
     38.5653    141.9514     41.1267    290.0225    170.0000     20.0015     20.0000     -0.4221     -2.3975      2.4343    193.0347     14.0000     99.9859     -1.0857      2.5505     -0.3881
     38.6011    141.7329     45.9652    290.0225    190.0000     20.0015     20.0000     -0.5756     -1.5813      1.6828    193.0347     14.0000    110.0000     -0.8455      0.8130     -0.1771
     38.0891    143.6401      2.4197    310.0240     10.0000     20.0015     20.0000     10.5884    -52.4682     53.5259    193.0347     14.0000     78.5906      0.0951     -4.9380      2.0024
     38.1280    143.4239      7.2577    310.0240     30.0000     20.0015     20.0000     10.2754    -51.5793     52.5928    193.0347     14.0000     78.7333      1.2101     -9.0036      3.3252
     38.1666    143.2074     12.0961    310.0240     50.0000     20.0015     20.0000      9.0638    -46.4523     47.3283    193.0347     14.0000     78.9591      1.1511     -9.5633      1.4913
     38.2047    142.9908     16.9345    310.0240     70.0000     20.0015     20.0000      7.9780    -37.2748     38.1190    193.0347     14.0000     77.9191      1.4698     -6.3536     -0.1286
     38.2424    142.7739     21.7730    310.0240     90.0000     20.0015     20.0000      7.1960    -27.7775     28.6945    193.0347     14.0000     75.4762      2.4486     -3.4635     -0.6748
     38.2797    142.5567     26.6114    310.0240    110.0000     20.0015     20.0000      5.8038    -19.5188     20.3634    193.0347     14.0000     73.4404      2.5648     -1.5205     -0.8681
     38.3166    142.3394     31.4498    310.0240    130.0000     20.0015     20.0000      3.5964    -12.9923     13.4808    193.0347     14.0000     74.5272      1.4900     -0.7184     -0.9006
     38.3531    142.1218     36.2883    310.0240    150.0000     20.0015     20.0000      1.2517     -7.2111      7.3189    193.0347     14.0000     80.1531     -0.0478      0.9605     -0.7443
     38.3893    141.9041     41.1267    310.0240    170.0000     20.0015     20.0000     -0.2780     -2.9757      2.9887    193.0347     14.0000     95.3378     -0.9926      2.5414     -0.4751
     38.4250    141.6861     45.9652    310.0240    190.0000     20.0015     20.0000     -0.6055     -1.8224      1.9204    193.0347     14.0000    108.3784     -0.9760      0.8037     -0.2383
     37.9138    143.5890      2.4197    330.0256     10.0000     20.0015     20.0000     11.0162    -48.1600     49.4039    193.0347     14.0000     77.1158     -0.9051     -4.0664      1.5301
     37.9526    143.3733      7.2577    330.0256     30.0000     20.0015     20.0000     10.8923    -47.7109     48.9385    193.0347     14.0000     77.1399      0.9762     -7.8892      2.8736
     37.9911    143.1573     12.0961    330.0256     50.0000     20.0015     20.0000     10.1158    -44.1388     45.2831    193.0347     14.0000     77.0918      2.3753     -9.4490      1.4938
     38.0291    142.9412     16.9345    330.0256     70.0000     20.0015     20.0000      8.4017    -36.3364     37.2951    193.0347     14.0000     76.9808      2.3728     -6.8293      0.1718
     38.0667    142.7248     21.7730    330.0256     90.0000     20.0015     20.0000      6.1129    -27.8425     28.5057    193.0347     14.0000     77.6169      1.4201     -4.3233     -0.3244
     38.1040    142.5081     26.6114    330.0256    110.0000     20.0015     20.0000      4.0551    -19.8823     20.2916    193.0347     14.0000     78.4724      0.6583     -2.1634     -0.6423
     38.1408    142.2913     31.4498    330.0256    130.0000     20.0015     20.0000      2.3220    -13.3692     13.5693    193.0347     14.0000     80.1471      0.1172     -1.2330     -0.8236
     38.1772    142.0742     36.2883    330.0256    150.0000     20.0015     20.0000      1.0175     -7.3261      7.3964    193.0347     14.0000     82.0932     -0.1618      0.7896     -0.7559
     38.2132    141.8569     41.1267    330.0256    170.0000     20.0015     20.0000      0.2019     -2.8406      2.8477    193.0347     14.0000     85.9353     -0.2796      2.6517     -0.5088
     38.2489    141.6394     45.9652    330.0256    190.0000     20.0015     20.0000      0.0039     -1.6099      1.6099    193.0347     14.0000     89.8622     -0.0763      1.0413     -0.2618
     37.7385    143.5382      2.4192    350.0271     10.0000     20.0015     20.0000     10.7062    -40.1324     41.5359    193.0347     14.0000     75.0630     -1.6220     -2.8864      0.8840
     37.7772    143.3229      7.2577    350.0271     30.0000     20.0015     20.0000     10.7101    -39.6415     41.0628    193.0347     14.0000     74.8811      0.7148     -5.8413      1.9562
     37.8155    143.1075     12.0961    350.0271     50.0000     20.0015     20.0000     10.0771    -36.4641     37.8309    193.0347     14.0000     74.5515      2.7530     -6.5260      1.2625
     37.8535    142.8918     16.9345    350.0271     70.0000     20.0015     20.0000      7.9553    -30.4072     31.4306    193.0347     14.0000     75.3385      2.5152     -4.8049      0.2148
     37.8910    142.6759     21.7730    350.0271     90.0000     20.0015     20.0000      5.0228    -23.4562     23.9879    193.0347     14.0000     77.9135      0.8869     -2.7940     -0.3770
     37.9282    142.4597     26.6114    350.0271    110.0000     20.0015     20.0000      2.7370    -16.7225     16.9450    193.0347     14.0000     80.7047     -0.2860     -0.9765     -0.7196
     37.9649    142.2434     31.4498    350.0271    130.0000     20.0015     20.0000      1.4902    -10.8849     10.9864    193.0347     14.0000     82.2046     -0.4736      0.2315     -0.8591
     38.0013    142.0268     36.2883    350.0271    150.0000     20.0015     20.0000      0.9679     -5.7459      5.8269    193.0347     14.0000     80.4383     -0.0002      1.7295     -0.7573
     38.0372    141.8100     41.1267    350.0271    170.0000     20.0015     20.0000      0.5963     -2.0364      2.1219    193.0347     14.0000     73.6798      0.2867      2.9482     -0.5009
     38.0728    141.5931     45.9652    350.0271    190.0000     20.0015     20.0000      0.3878     -1.0655      1.1339    193.0347     14.0000     70.0000      0.4084      1.4021     -0.2546
     37.5631    143.4875      2.4197    370.0287     10.0000     20.0015     20.0000      9.2737    -30.1973     31.5892    193.0347     14.0000     72.9280     -2.0421     -1.5741      0.1797
     37.6018    143.2728      7.2577    370.0287     30.0000     20.0015     20.0000      9.1930    -29.6733     31.0647    193.0347     14.0000     72.7866      0.1413     -3.5914      0.9881
     37.6400    143.0578     12.0961    370.0287     50.0000     20.0015     20.0000      8.4046    -27.0377     28.3138    193.0347     14.0000     72.7322      1.7827     -3.5947      0.8517
     37.6779    142.8426     16.9345    370.0287     70.0000     20.0015     20.0000      6.6272    -22.6748     23.6234    193.0347     14.0000     73.7079      1.7895     -2.3979      0.1185
     37.7153    142.6272     21.7730    370.0287     90.0000     20.0015     20.0000      4.4930    -17.5771     18.1423    193.0347     14.0000     75.6614      1.0139     -0.8909     -0.4457
     37.7524    142.4116     26.6114    370.0287    110.0000     20.0015     20.0000      2.9003    -12.6055     12.9348    193.0347     14.0000     77.0428      0.4746      0.4147     -0.7529
     37.7890    142.1957     31.4498    370.0287    130.0000     20.0015     20.0000      1.9690     -8.1538      8.3882    193.0347     14.0000     76.4239      0.3988      1.3833     -0.8447
     37.8253    141.9796     36.2883    370.0287    150.0000     20.0015     20.0000      1.2982     -4.2529      4.4466    193.0347     14.0000     73.0258      0.4058      2.2962     -0.7269
     37.8612    141.7634     41.1267    370.0287    170.0000     20.0015     20.0000      0.5105     -1.4027      1.4927    193.0347     14.0000     70.0000     -0.0462      2.9340     -0.4789
     37.8966    141.5469     45.9652    370.0287    190.0000     20.0015     20.0000      0.2278     -0.6258      0.6660    193.0347     14.0000     70.0000      0.0212      1.6092     -0.2431
     37.3877    143.4372      2.4192    390.0302     10.0000     20.0015     20.0000      7.0110    -20.5280     21.6923    193.0347     14.0000     71.1432     -2.1304     -0.3954     -0.3779
     37.4263    143.2229      7.2577    390.0302     30.0000     20.0015     20.0000      6.8655    -20.1937     21.3288    193.0347     14.0000     71.2227     -0.4463     -1.6288      0.2253
     37.4644    143.0084     12.0961    390.0302     50.0000     20.0015     20.0000      6.1406    -18.6128     19.5996    193.0347     14.0000     71.7416      0.6596     -1.5495      0.4742
     37.5022    142.7937     16.9345    390.0302     70.0000     20.0015     20.0000      5.0293    -16.0405     16.8105    193.0347     14.0000     72.5919      0.8677     -0.8474      0.1111
     37.5396    142.5788     21.7730    390.0302     90.0000     20.0015     20.0000      4.0367    -12.9674     13.5812    193.0347     14.0000     72.7086      0.9506      0.0710     -0.2521
     37.5766    142.3636     26.6114    390.0302    110.0000     20.0015     20.0000      3.4234    -10.0496     10.6167    193.0347     14.0000     71.1886      1.2459      0.6054     -0.5059
     37.6131    142.1482     31.4498    390.0302    130.0000     20.0015     20.0000      2.6980     -7.4127      7.8885    193.0347     14.0000     70.0000      1.1273      0.6269     -0.6644
     37.6493    141.9327     36.2883    390.0302    150.0000     20.0015     20.0000      1.6108     -4.4256      4.7096    193.0347     14.0000     70.0000      0.4426      1.2454     -0.6436
     37.6851    141.7169     41.1267    390.0302    170.0000     20.0015     20.0000      0.5441     -1.4950      1.5909    193.0347     14.0000     70.0000     -0.1938      2.5195     -0.4544
     37.7205    141.5009     45.9652    390.0302    190.0000     20.0015     20.0000      0.2037     -0.5597      0.5956    193.0347     14.0000     70.0000     -0.0636      1.5666     -0.2414
     37.2123    143.3870      2.4197    410.0318     10.0000     20.0015     20.0000      4.5712    -12.5811     13.3858    193.0347     14.0000     70.0318     -1.9385      0.4667     -0.6998
     37.2508    143.1732      7.2577    410.0318     30.0000     20.0015     20.0000      4.4914    -12.5806     13.3583    193.0347     14.0000     70.3527     -0.8546     -0.1208     -0.2578
     37.2889    142.9592     12.0961    410.0318     50.0000     20.0015     20.0000      4.1363    -12.4114     13.0825    193.0347     14.0000     71.5685     -0.0986     -0.4345      0.3177
     37.3265    142.7450     16.9345    410.0318     70.0000     20.0015     20.0000      3.7102    -11.8088     12.3780    193.0347     14.0000     72.5579      0.1950     -0.5642      0.2656
     37.3638    142.5305     21.7730    410.0318     90.0000     20.0015     20.0000      3.5153    -10.6984     11.2612    193.0347     14.0000     71.8105      0.6080     -0.3622      0.0958
     37.4007    142.3159     26.6114    410.0318    110.0000     20.0015     20.0000      3.4971     -9.6083     10.2250    193.0347     14.0000     70.0000      1.1992     -0.5773     -0.1012
     37.4372    142.1010     31.4498    410.0318    130.0000     20.0015     20.0000      3.1401     -8.6273      9.1810    193.0347     14.0000     70.0000      1.4933     -1.7172     -0.3608
     37.4733    141.8859     36.2883    410.0318    150.0000     20.0015     20.0000      2.1511     -5.9101      6.2894    193.0347     14.0000     70.0000      1.1722     -0.8039     -0.4925
     37.5090    141.6706     41.1267    410.0318    170.0000     20.0015     20.0000      0.7933     -2.1794      2.3193    193.0347     14.0000     70.0000      0.1762      1.8342     -0.4073
     37.5443    141.4551     45.9652    410.0318    190.0000     20.0015     20.0000      0.3080     -0.8463      0.9006    193.0347     14.0000     70.0000      0.0980      1.2369     -0.2409
     37.0369    143.3371      2.4197    430.0333     10.0000     20.0015     20.0000      2.4873     -6.8338      7.2724    193.0347     14.0000     70.0000     -1.6376      0.9746     -0.7951
     37.0753    143.1238      7.2577    430.0333     30.0000     20.0015     20.0000      2.5844     -7.1565      7.6088    193.0347     14.0000     70.1440     -1.0727      0.9044     -0.4965
     37.1133    142.9103     12.0961    430.0333     50.0000     20.0015     20.0000      2.7900     -8.3454      8.7994    193.0347     14.0000     71.5143     -0.3831      0.0059      0.3658
     37.1509    142.6965     16.9345    430.0333     70.0000     20.0015     20.0000      3.0341     -9.5715     10.0409    193.0347     14.0000     72.4117      0.1288     -1.1848      0.5041
     37.1881    142.4825     21.7730    430.0333     90.0000     20.0015     20.0000      3.3034     -9.9987     10.5302    193.0347     14.0000     71.7175      0.6861     -1.7462      0.3941
     37.2249    142.2684     26.6114    430.0333    110.0000     20.0015     20.0000      3.5166     -9.6618     10.2819    193.0347     14.0000     70.0000      1.5033     -1.7347      0.2421
     37.2613    142.0540     31.4498    430.0333    130.0000     20.0015     20.0000      3.2038     -9.4861     10.0125    193.0347     14.0000     71.3382      2.1174     -3.3055     -0.0533
     37.2973    141.8394     36.2883    430.0333    150.0000     20.0015     20.0000      1.8804     -7.0448      7.2914    193.0347     14.0000     75.0547      1.3196     -2.4435     -0.3013
     37.3329    141.6246     41.1267    430.0333    170.0000     20.0015     20.0000      0.6451     -2.7563      2.8308    193.0347     14.0000     76.8278      0.4276      1.2258     -0.3272
     37.3681    141.4096     45.9652    430.0333    190.0000     20.0015     20.0000      0.3590     -1.0860      1.1438    193.0347     14.0000     71.7088      0.4982      0.9966     -0.2270
     36.8615    143.2874      2.4197    450.0349     10.0000     20.0015     20.0000      1.1128     -3.0574      3.2536    193.0347     14.0000     70.0000     -1.2188      1.1881     -0.7509
     36.8998    143.0746      7.2577    450.0349     30.0000     20.0015     20.0000      1.3047     -3.5845      3.8146    193.0347     14.0000     70.0000     -1.1324      1.4548     -0.5782
     36.9377    142.8615     12.0961    450.0349     50.0000     20.0015     20.0000      1.9596     -5.5549      5.8905    193.0347     14.0000     70.5689     -0.4160      0.2047      0.4657
     36.9752    142.6482     16.9345    450.0349     70.0000     20.0015     20.0000      2.7493     -7.8035      8.2736    193.0347     14.0000     70.5916      0.4954     -1.6035      0.7228
     37.0123    142.4347     21.7730    450.0349     90.0000     20.0015     20.0000      3.2732     -8.9930      9.5702    193.0347     14.0000     70.0000      1.3000     -2.6218      0.5547
     37.0490    142.2210     26.6114    450.0349    110.0000     20.0015     20.0000      2.9256     -8.6464      9.1279    193.0347     14.0000     71.3059      1.2557     -2.1255      0.3619
     37.0853    142.0071     31.4498    450.0349    130.0000     20.0015     20.0000      1.4178     -8.1880      8.3098    193.0347     14.0000     80.1759      0.0505     -2.7626      0.0864
     37.1213    141.7930     36.2883    450.0349    150.0000     20.0015     20.0000      0.1179     -6.2863      6.2874    193.0347     14.0000     88.9258     -0.5793     -2.1825     -0.1718
     37.1568    141.5787     41.1267    450.0349    170.0000     20.0015     20.0000     -0.4441     -2.8736      2.9077    193.0347     14.0000     98.7859     -0.6052      0.6958     -0.2576
     37.1920    141.3642     45.9652    450.0349    190.0000     20.0015     20.0000     -0.4588     -1.4843      1.5536    193.0347     14.0000    107.1782     -0.5149      0.3350     -0.2160
     36.6860    143.2380      2.4192    470.0364     10.0000     20.0015     20.0000      0.3258     -0.8951      0.9525    193.0347     14.0000     70.0000     -0.8502      1.1179     -0.6076
     36.7242    143.0256      7.2577    470.0364     30.0000     20.0015     20.0000      0.5141     -1.4125      1.5032    193.0347     14.0000     70.0000     -1.1188      1.5400     -0.5626
     36.7620    142.8130     12.0961    470.0364     50.0000     20.0015     20.0000      1.2073     -3.3171      3.5299    193.0347     14.0000     70.0000     -0.5924      0.4169      0.4061
     36.7994    142.6002     16.9345    470.0364     70.0000     20.0015     20.0000      1.9882     -5.4624      5.8130    193.0347     14.0000     70.0000      0.2036     -1.1855      0.7041
     36.8365    142.3872     21.7730    470.0364     90.0000     20.0015     20.0000      2.3822     -6.5450      6.9651    193.0347     14.0000     70.0000      0.7806     -2.0249      0.5041
     36.8731    142.1740     26.6114    470.0364    110.0000     20.0015     20.0000      2.1386     -5.9907      6.3610    193.0347     14.0000     70.3542      1.0463     -1.2463      0.2726
     36.9093    141.9605     31.4498    470.0364    130.0000     20.0015     20.0000      0.5491     -5.1753      5.2044    193.0347     14.0000     83.9436     -0.3008     -0.8954      0.0610
     36.9452    141.7469     36.2883    470.0364    150.0000     20.0015     20.0000     -0.6555     -4.1498      4.2012    193.0347     14.0000     98.9767     -1.0748     -0.7374     -0.1237
     36.9807    141.5331     41.1267    470.0364    170.0000     20.0015     20.0000     -0.8649     -2.6225      2.7614    193.0347     14.0000    108.2516     -0.9166      0.1861     -0.2127
     37.0157    141.3190     45.9652    470.0364    190.0000     20.0015     20.0000     -0.7175     -1.9713      2.0978    193.0347     14.0000    110.0000     -0.8149     -0.6064     -0.2067
     36.5105    143.1888      2.4197    490.0380     10.0000     20.0015     20.0000      0.0006     -0.0015      0.0016    193.0347     14.0000     70.0000     -0.5181      0.8034     -0.3813
     36.5486    142.9768      7.2577    490.0380     30.0000     20.0015     20.0000      0.1114     -0.3061      0.3257    193.0347     14.0000     70.0000     -0.9586      1.2495     -0.4729
     36.5864    142.7647     12.0961    490.0380     50.0000     20.0015     20.0000      0.5407     -1.4855      1.5808    193.0347     14.0000     70.0000     -0.7651      0.6511      0.1394
     36.6237    142.5524     16.9345    490.0380     70.0000     20.0015     20.0000      1.0160     -2.7914      2.9705    193.0347     14.0000     70.0000     -0.3013     -0.2205      0.3876
     36.6606    142.3398     21.7730    490.0380     90.0000     20.0015     20.0000      1.2241     -3.3632      3.5790    193.0347     14.0000     70.0000      0.0569     -0.5536      0.2785
     36.6972    142.1271     26.6114    490.0380    110.0000     20.0015     20.0000      1.0711     -2.9428      3.1317    193.0347     14.0000     70.0000      0.2700     -0.0118      0.1324
     36.7334    141.9141     31.4498    490.0380    130.0000     20.0015     20.0000      0.4105     -2.3865      2.4216    193.0347     14.0000     80.2406      0.0468      0.4300      0.0251
     36.7691    141.7010     36.2883    490.0380    150.0000     20.0015     20.0000     -0.1287     -2.2875      2.2911    193.0347     14.0000     93.2203     -0.1730      0.1368     -0.0739
     36.8045    141.4876     41.1267    490.0380    170.0000     20.0015     20.0000     -0.0919     -2.3356      2.3374    193.0347     14.0000     92.2532      0.0436     -0.3837     -0.1538
     36.8395    141.2740     45.9652    490.0380    190.0000     20.0015     20.0000      0.0537     -2.2956      2.2963    193.0347     14.0000     88.6608      0.1817     -1.3987     -0.1772
     36.3350    143.1397      2.4192    510.0395     10.0000     20.0015     20.0000      0.0000      0.0000      0.0000    193.0347     14.0000      0.0000     -0.2070      0.3401     -0.1272
     36.3731    142.9283      7.2577    510.0395     30.0000     20.0015     20.0000      0.0000      0.0000      0.0000    193.0347     14.0000      0.0000     -0.6211      0.7231     -0.3219
     36.4107    142.7166     12.0961    510.0395     50.0000     20.0015     20.0000      0.1223     -0.3360      0.3575    193.0347     14.0000     70.0000     -0.7347      0.7067     -0.1277
     36.4479    142.5047     16.9345    510.0395     70.0000     20.0015     20.0000      0.2840     -0.7802      0.8302    193.0347     14.0000     70.0000     -0.5998      0.5073      0.0274
     36.4848    142.2927     21.7730    510.0395     90.0000     20.0015     20.0000      0.3436     -0.9441      1.0047    193.0347     14.0000     70.0000     -0.4325      0.4961      0.0352
     36.5213    142.0804     26.6114    510.0395    110.0000     20.0015     20.0000      0.2817     -0.7740      0.8237    193.0347     14.0000     70.0000     -0.2897      0.7426      0.0283
     36.5574    141.8679     31.4498    510.0395    130.0000     20.0015     20.0000      0.2464     -0.6771      0.7205    193.0347     14.0000     70.0000      0.0015      0.9089      0.0380
     36.5931    141.6552     36.2883    510.0395    150.0000     20.0015     20.0000      0.4229     -1.1620      1.2366    193.0347     14.0000     70.0000      0.4884      0.3676      0.0091
     36.6284    141.4423     41.1267    510.0395    170.0000     20.0015     20.0000      0.7172     -1.9704      2.0969    193.0347     14.0000     70.0000      0.9150     -0.7168     -0.0651
     36.6633    141.2293     45.9652    510.0395    190.0000     20.0015     20.0000      0.8167     -2.2440      2.3880    193.0347     14.0000     70.0000      1.1118     -1.7548     -0.1168
     36.1595    143.0910      2.4197    530.0410     10.0000     20.0015     20.0000      0.0000      0.0000      0.0000    193.0347     14.0000      0.0000     -0.1071      0.1728     -0.0575
     36.1974    142.8800      7.2577    530.0410     30.0000     20.0015     20.0000      0.0000      0.0000      0.0000    193.0347     14.0000      0.0000     -0.3089      0.3001     -0.1639
     36.2350    142.6688     12.0961    530.0410     50.0000     20.0015     20.0000      0.0000      0.0000      0.0000    193.0347     14.0000      0.0000     -0.4786      0.4090     -0.1962
     36.2722    142.4573     16.9345    530.0410     70.0000     20.0015     20.0000      0.0000      0.0000      0.0000    193.0347     14.0000      0.0000     -0.5248      0.5175     -0.1504
     36.3089    142.2457     21.7730    530.0410     90.0000     20.0015     20.0000      0.0000      0.0000      0.0000    193.0347     14.0000      0.0000     -0.4589      0.5755     -0.1004
     36.3453    142.0339     26.6114    530.0410    110.0000     20.0015     20.0000      0.0000      0.0000      0.0000    193.0347     14.0000      0.0000     -0.3354      0.5954     -0.0337
     36.3813    141.8219     31.4498    530.0410    130.0000     20.0015     20.0000      0.0077     -0.0213      0.0226    193.0347     14.0000     70.0000     -0.2554      0.7700      0.0428
     36.4170    141.6097     36.2883    530.0410    150.0000     20.0015     20.0000      0.2005     -0.5508      0.5862    193.0347     14.0000     70.0000      0.0032      0.3230      0.0616
     36.4522    141.3973     41.1267    530.0410    170.0000     20.0015     20.0000      0.4943     -1.3580      1.4452    193.0347     14.0000     70.0000      0.3674     -0.6112      0.0058
     36.4870    141.1847     45.9652    530.0410    190.0000     20.0015     20.0000      0.5940     -1.6320      1.7367    193.0347     14.0000     70.0000      0.6341     -1.3687     -0.0534
     35.9840    143.0424      2.4197    550.0426     10.0000     20.0015     20.0000      0.0000      0.0000      0.0000    193.0347     14.0000      0.0000     -0.0609      0.0996     -0.0309
     36.0218    142.8318      7.2577    550.0426     30.0000     20.0015     20.0000      0.0000      0.0000      0.0000    193.0347     14.0000      0.0000     -0.1524      0.1461     -0.0718
     36.0593    142.6211     12.0961    550.0426     50.0000     20.0015     20.0000      0.0000      0.0000      0.0000    193.0347     14.0000      0.0000     -0.2415      0.1640     -0.1172
     36.0964    142.4101     16.9345    550.0426     70.0000     20.0015     20.0000      0.0000      0.0000      0.0000    193.0347     14.0000      0.0000     -0.2674      0.1591     -0.1310
     36.1331    142.1990     21.7730    550.0426     90.0000     20.0015     20.0000      0.0000      0.0000      0.0000    193.0347     14.0000      0.0000     -0.2324      0.1550     -0.1092
     36.1694    141.9876     26.6114    550.0426    110.0000     20.0015     20.0000      0.0000      0.0000      0.0000    193.0347     14.0000      0.0000     -0.1703      0.1694     -0.0550
     36.2053    141.7761     31.4498    550.0426    130.0000     20.0015     20.0000      0.0000      0.0000      0.0000    193.0347     14.0000      0.0000     -0.1383      0.2760      0.0174
     36.2408    141.5643     36.2883    550.0426    150.0000     20.0015     20.0000      0.0342     -0.0939      0.0999    193.0347     14.0000     70.0000     -0.1435      0.3938      0.0539
     36.2760    141.3524     41.1267    550.0426    170.0000     20.0015     20.0000      0.1646     -0.4523      0.4813    193.0347     14.0000     70.0000      0.0004      0.0257      0.0289
     36.3108    141.1403     45.9652    550.0426    190.0000     20.0015     20.0000      0.2123     -0.5833      0.6207    193.0347     14.0000     70.0000      0.1647     -0.2954     -0.0126
     35.8084    142.9940      2.4192    570.0441     10.0000     20.0015     20.0000      0.0000      0.0000      0.0000    193.0347     14.0000      0.0000     -0.0363      0.0635     -0.0188
     35.8462    142.7839      7.2577    570.0441     30.0000     20.0015     20.0000      0.0000      0.0000      0.0000    193.0347     14.0000      0.0000     -0.0807      0.0836     -0.0356
     35.8836    142.5736     12.0961    570.0441     50.0000     20.0015     20.0000      0.0000      0.0000      0.0000    193.0347     14.0000      0.0000     -0.1271      0.0917     -0.0563
     35.9205    142.3632     16.9345    570.0441     70.0000     20.0015     20.0000      0.0000      0.0000      0.0000    193.0347     14.0000      0.0000     -0.1523      0.0862     -0.0711
     35.9572    142.1525     21.7730    570.0441     90.0000     20.0015     20.0000      0.0000      0.0000      0.0000    193.0347     14.0000      0.0000     -0.1459      0.0763     -0.0705
     35.9934    141.9416     26.6114    570.0441    110.0000     20.0015     20.0000      0.0000      0.0000      0.0000    193.0347     14.0000      0.0000     -0.1154      0.0739     -0.0483
     36.0293    141.7305     31.4498    570.0441    130.0000     20.0015     20.0000      0.0000      0.0000      0.0000    193.0347     14.0000      0.0000     -0.0828      0.0988     -0.0088
     36.0647    141.5192     36.2883    570.0441    150.0000     20.0015     20.0000      0.0000      0.0000      0.0000    193.0347     14.0000      0.0000     -0.0795      0.1681      0.0203
     36.0998    141.3077     41.1267    570.0441    170.0000     20.0015     20.0000      0.0000      0.0000      0.0000    193.0347     14.0000      0.0000     -0.0972      0.2444      0.0178
     36.1345    141.0960     45.9652    570.0441    190.0000     20.0015     20.0000      0.0000      0.0000      0.0000    193.0347     14.0000      0.0000     -0.0572      0.2330      0.0000
     35.6328    142.9459      2.4197    590.0457     10.0000     20.0015     20.0000      0.0000      0.0000      0.0000    193.0347     14.0000      0.0000     -0.0227      0.0437     -0.0125
     35.6705    142.7362      7.2577    590.0457     30.0000     20.0015     20.0000      0.0000      0.0000      0.0000    193.0347     14.0000      0.0000     -0.0465      0.0536     -0.0205
     35.7078    142.5264     12.0961    590.0457     50.0000     20.0015     20.0000      0.0000      0.0000      0.0000    193.0347     14.0000      0.0000     -0.0714      0.0577     -0.0301
     35.7447    142.3164     16.9345    590.0457     70.0000     20.0015     20.0000      0.0000      0.0000      0.0000    193.0347     14.0000      0.0000     -0.0884      0.0549     -0.0384
     35.7813    142.1061     21.7730    590.0457     90.0000     20.0015     20.0000      0.0000      0.0000      0.0000    193.0347     14.0000      0.0000     -0.0910      0.0479     -0.0413
     35.8174    141.8957     26.6114    590.0457    110.0000     20.0015     20.0000      0.0000      0.0000      0.0000    193.0347     14.0000      0.0000     -0.0784      0.0419     -0.0348
     35.8532    141.6851     31.4498    590.0457    130.0000     20.0015     20.0000      0.0000      0.0000      0.0000    193.0347     14.0000      0.0000     -0.0563      0.0436     -0.0188
     35.8886    141.4742     36.2883    590.0457    150.0000     20.0015     20.0000      0.0000      0.0000      0.0000    193.0347     14.0000      0.0000     -0.0347      0.0555     -0.0027
     35.9236    141.2632     41.1267    590.0457    170.0000     20.0015     20.0000      0.0000      0.0000      0.0000    193.0347     14.0000      0.0000     -0.0172      0.0677      0.0029
     35.9582    141.0520     45.9652    590.0457    190.0000     20.0015     20.0000      0.0000      0.0000      0.0000    193.0347     14.0000      0.0000      0.0013      0.0688     -0.0000
     35.4572    142.8979      2.4192    610.0472     10.0000     20.0015     20.0000      0.0000      0.0000      0.0000    193.0347     14.0000      0.0000     -0.0148      0.0318     -0.0088
     35.4948    142.6888      7.2577    610.0472     30.0000     20.0015     20.0000      0.0000      0.0000      0.0000    193.0347     14.0000      0.0000     -0.0286      0.0372     -0.0131
     35.5320    142.4794     12.0961    610.0472     50.0000     20.0015     20.0000      0.0000      0.0000      0.0000    193.0347     14.0000      0.0000     -0.0429      0.0393     -0.0179
     35.5689    142.2698     16.9345    610.0472     70.0000     20.0015     20.0000      0.0000      0.0000      0.0000    193.0347     14.0000      0.0000     -0.0536      0.0376     -0.0223
     35.6053    142.0600     21.7730    610.0472     90.0000     20.0015     20.0000      0.0000      0.0000      0.0000    193.0347     14.0000      0.0000     -0.0574      0.0330     -0.0246
     35.6414    141.8500     26.6114    610.0472    110.0000     20.0015     20.0000      0.0000      0.0000      0.0000    193.0347     14.0000      0.0000     -0.0527      0.0278     -0.0231
     35.6771    141.6398     31.4498    610.0472    130.0000     20.0015     20.0000      0.0000      0.0000      0.0000    193.0347     14.0000      0.0000     -0.0405      0.0248     -0.0173
     35.7124    141.4295     36.2883    610.0472    150.0000     20.0015     20.0000      0.0000      0.0000      0.0000    193.0347     14.0000      0.0000     -0.0250      0.0259     -0.0098
     35.7473    141.2189     41.1267    610.0472    170.0000     20.0015     20.0000      0.0000      0.0000      0.0000    193.0347     14.0000      0.0000     -0.0101      0.0294     -0.0044
     35.7819    141.0082     45.9652    610.0472    190.0000     20.0015     20.0000      0.0000      0.0000      0.0000    193.0347     14.0000      0.0000      0.0024      0.0319     -0.0021
